t, omega_1,     omega_2,    omega_3,    omega_4,     M1,     M2,     M3,    M4,     Vx_o,       Vy_o,   dpsi
  0.0000  -0.0000   0.0000  -0.0000   0.0000   0.1688   0.1697   0.0294   0.0190   0.0000   0.0000   0.0000 
  0.0000   0.5715   0.4377   0.4499   0.4053   0.8084   0.8275   0.6578   0.6751   0.0233  -0.0011  -0.0058 
  0.0000   0.8187   0.7052   0.7903   0.7660   0.7859   0.8128   0.6535   0.6379   0.0385  -0.0011  -0.0045 
  0.0000   1.1227   1.0740   1.1308   1.0700   0.7877   0.8214   0.6059   0.6241   0.0550   0.0002  -0.0036 
  0.0000   1.5118   1.4834   1.4104   1.5118   0.6578   0.6855   0.5661   0.5211   0.0740  -0.0016   0.0024 
  0.0000   1.7874   1.7387   1.7549   1.8117   0.6189   0.6423   0.4570   0.4475   0.0887  -0.0013   0.0003 
  0.0000   2.0062   2.0427   2.0346   2.1035   0.5237   0.5427   0.3713   0.3514   0.1023  -0.0004   0.0034 
  0.0000   2.0548   2.1278   2.2737   2.4682   0.5557   0.5219   0.2813   0.1705   0.1116  -0.0015   0.0087 
  0.0000   2.2291   2.2251   2.1562   2.2656   0.4882   0.4856   0.3705   0.2995   0.1109  -0.0014   0.0034 
  0.0000   2.2737   2.2737   2.2980   2.2656   0.5107   0.5219   0.3358   0.3038   0.1139   0.0004  -0.0011 
  0.0000   2.4723   2.4480   2.3750   2.3588   0.4111   0.4354   0.2761   0.2787   0.1207  -0.0001  -0.0013 
  0.0000   2.7722   2.4601   2.4480   2.4480   0.1800   0.3947   0.2415   0.2363   0.1266  -0.0039  -0.0101 
  0.0000   2.5574   2.5655   2.5534   2.5331   0.3012   0.3237   0.1679   0.1766   0.1276   0.0004  -0.0004 
  0.0000   2.6060   2.5817   2.5898   2.5574   0.2527   0.2943   0.1515   0.1186   0.1292   0.0001  -0.0018 
  0.0000   2.5169   2.5453   2.4926   2.3507   0.2657   0.2813   0.1714   0.2095   0.1238   0.0021  -0.0037 
  0.0000   2.5574   2.4926   2.2737   2.5453   0.2147   0.3151   0.2623   0.0987   0.1234  -0.0042   0.0067 
  0.0000   2.3993   2.4115   2.5088   2.5047   0.2666   0.3177   0.1108   0.1073   0.1228   0.0002   0.0003 
  0.0000   2.3386   2.4196   2.4318   2.3953   0.2718   0.3064   0.1428   0.1039   0.1198   0.0015   0.0014 
  0.0000   2.5412   2.3386   2.2656   2.3264   0.1558   0.3159   0.1870   0.1376   0.1184  -0.0033  -0.0046 
  0.0000   2.5169   2.5412   2.2170   2.2251   0.1463   0.1800   0.2103   0.1428   0.1188   0.0002   0.0011 
  0.0000   2.2859   2.2534   2.2372   2.3021   0.2268   0.2969   0.1757   0.1177   0.1135  -0.0012   0.0011 
  0.0000   2.2251   2.1926   2.1926   2.2008   0.2649   0.3211   0.1956   0.1316   0.1101  -0.0005  -0.0008 
  0.0000   2.1926   2.1886   2.1521   2.1319   0.2778   0.3419   0.2095   0.1619   0.1083   0.0002  -0.0008 
  0.0000   2.1319   2.1197   2.1156   2.1319   0.2735   0.3263   0.2216   0.1627   0.1062  -0.0004   0.0001 
  0.0000   2.1683   2.1643   2.1440   2.1926   0.2796   0.3324   0.1965   0.1246   0.1084  -0.0007   0.0014 
  0.0000   2.0711   2.1035   2.1278   2.0711   0.2969   0.3211   0.1887   0.1420   0.1047   0.0011  -0.0008 
  0.0000   2.0954   2.0062   2.2899   2.0832   0.2908   0.3964   0.1021   0.1705   0.1059   0.0015  -0.0096 
  0.0000   2.0913   2.0589   2.0589   2.0346   0.3073   0.3800   0.2112   0.1982   0.1030  -0.0001  -0.0018 
  0.0000   2.2656   2.1400   2.0062   2.0346   0.1861   0.3211   0.2441   0.1913   0.1056  -0.0019  -0.0032 
  0.0000   2.0103   2.3386   2.0711   1.9697   0.3237   0.1731   0.2086   0.2406   0.1049   0.0054   0.0074 
  0.0000   2.0589   1.9697   2.1035   2.0548   0.2822   0.4042   0.1973   0.2051   0.1023  -0.0005  -0.0045 
  0.0000   1.9981   2.0548   2.0832   1.9859   0.3532   0.3402   0.1913   0.2233   0.1015   0.0019  -0.0013 
  0.0000   2.0346   2.0103   2.1035   2.0305   0.3047   0.3705   0.1965   0.2294   0.1022   0.0006  -0.0032 
  0.0000   2.0184   2.0711   2.0184   2.0305   0.3272   0.3731   0.2337   0.2268   0.1017   0.0005   0.0021 
  0.0000   2.0224   2.0711   2.0589   2.0913   0.3592   0.3358   0.2320   0.1982   0.1030   0.0002   0.0026 
  0.0000   1.9819   2.0346   2.1562   2.2615   0.3549   0.3826   0.1826   0.1047   0.1054  -0.0007   0.0051 
  0.0000   2.0224   2.0346   2.1805   2.1197   0.3419   0.3860   0.1748   0.1852   0.1045   0.0009  -0.0016 
  0.0000   2.0711   2.0670   2.0427   2.1400   0.3497   0.3454   0.2164   0.1740   0.1040  -0.0013   0.0030 
  0.0000   2.1521   2.1764   2.0548   2.0792   0.2553   0.3177   0.2069   0.2008   0.1058   0.0000   0.0016 
  0.0000   2.1926   2.3264   2.0346   1.9859   0.2727   0.2527   0.2415   0.2458   0.1067   0.0023   0.0028 
  0.0000   2.0913   2.0792   2.1075   2.0913   0.3038   0.3445   0.2051   0.2086   0.1046   0.0001  -0.0009 
  0.0000   2.0792   2.0792   2.0913   2.0589   0.3445   0.3445   0.2043   0.2328   0.1039   0.0004  -0.0011 
  0.0000   2.0832   2.0792   2.1400   2.0427   0.3004   0.3488   0.1982   0.2380   0.1043   0.0012  -0.0033 
  0.0000   2.0913   2.0913   2.1562   2.0346   0.3419   0.3428   0.1783   0.2415   0.1047   0.0015  -0.0039 
  0.0000   2.0346   2.0427   2.0954   2.1521   0.3298   0.3748   0.2250   0.1844   0.1041  -0.0006   0.0021 
  0.0000   1.9616   1.9697   2.3102   2.2251   0.4146   0.3947   0.1117   0.1446   0.1058   0.0012  -0.0025 
  0.0000   1.9859   2.0548   2.0305   2.0103   0.3956   0.3800   0.2510   0.2597   0.1010   0.0011   0.0016 
  0.0000   2.0954   2.0913   2.0589   2.0913   0.3073   0.3601   0.2328   0.2173   0.1042  -0.0005   0.0009 
  0.0000   2.3629   2.2170   2.0832   2.1562   0.2103   0.2865   0.2216   0.1948   0.1102  -0.0027  -0.0024 
  0.0000   2.1562   2.4075   2.1440   2.1643   0.3038   0.1411   0.1887   0.1645   0.1109   0.0029   0.0088 
  0.0000   2.2008   2.1075   2.1521   2.1440   0.2441   0.2978   0.1714   0.1965   0.1076  -0.0011  -0.0033 
  0.0000   2.1319   2.1319   2.1562   2.0062   0.3255   0.3211   0.1835   0.2657   0.1053   0.0019  -0.0049 
  0.0000   2.1440   2.1035   2.0670   1.9697   0.2709   0.3038   0.2138   0.2943   0.1036   0.0007  -0.0045 
  0.0000   2.1197   2.0792   2.0832   2.0670   0.3194   0.3289   0.2138   0.2432   0.1044  -0.0003  -0.0018 
  0.0000   2.1400   2.0832   2.0792   2.1562   0.2891   0.3384   0.2077   0.1956   0.1057  -0.0017   0.0007 
  0.0000   2.0467   1.9859   2.2494   2.2251   0.3532   0.3635   0.1350   0.1662   0.1063  -0.0005  -0.0028 
  0.0000   2.0305   2.0224   2.2859   2.0467   0.3783   0.4008   0.1117   0.2553   0.1048   0.0029  -0.0080 
  0.0000   2.0548   2.0467   2.0589   2.0346   0.3211   0.3549   0.2077   0.2692   0.1024   0.0002  -0.0011 
  0.0000   2.3507   2.2170   2.0184   2.0913   0.2025   0.2553   0.2328   0.2441   0.1085  -0.0026  -0.0020 
  0.0000   1.9738   2.0467   2.0589   2.0548   0.3410   0.3436   0.2190   0.2640   0.1017   0.0010   0.0022 
  0.0000   2.0589   2.0670   2.0589   2.1035   0.3480   0.3454   0.2294   0.2510   0.1036  -0.0005   0.0017 
  0.0000   2.0792   2.0427   2.0062   2.0346   0.3177   0.3670   0.2501   0.2770   0.1020  -0.0008  -0.0003 
  0.0000   2.0467   2.0184   2.0224   2.0224   0.3445   0.3679   0.2597   0.3133   0.1014  -0.0004  -0.0009 
  0.0000   2.0832   2.0792   2.0184   2.0103   0.3081   0.3713   0.2675   0.2934   0.1024   0.0001  -0.0004 
  0.0000   2.1197   2.0548   2.0954   2.1035   0.3445   0.3428   0.2250   0.2545   0.1047  -0.0009  -0.0018 
  0.0000   2.0548   2.0832   2.2413   2.3467   0.3289   0.3774   0.1506   0.1186   0.1091  -0.0010   0.0043 
  0.0000   2.1035   2.0792   2.0792   2.1156   0.3185   0.3402   0.2060   0.2225   0.1047  -0.0008   0.0004 
  0.0000   2.1643   2.1156   2.1400   2.1400   0.2874   0.3454   0.2008   0.2173   0.1070  -0.0006  -0.0016 
  0.0000   2.3953   2.3507   2.0548   2.0062   0.1826   0.2077   0.2328   0.2796   0.1101   0.0001  -0.0030 
  0.0000   2.2291   1.9454   2.0346   2.0184   0.2337   0.4362   0.2545   0.2908   0.1028  -0.0033  -0.0097 
  0.0000   2.0346   2.0711   2.0224   2.0670   0.3220   0.3575   0.2545   0.2753   0.1024  -0.0001   0.0026 
  0.0000   2.0548   2.0467   2.0711   2.0305   0.3367   0.3739   0.2354   0.2830   0.1025   0.0004  -0.0016 
  0.0000   2.0305   2.0224   2.0346   2.0467   0.3454   0.3748   0.2718   0.2882   0.1017  -0.0003   0.0001 
  0.0000   2.0548   2.0467   1.9859   2.0224   0.3159   0.3696   0.2908   0.3064   0.1014  -0.0006   0.0009 
  0.0000   2.0711   2.1400   1.9373   2.1643   0.3393   0.3549   0.3454   0.2242   0.1039  -0.0020   0.0096 
  0.0000   2.0832   2.1075   2.1643   2.3507   0.3081   0.3436   0.2043   0.1203   0.1088  -0.0020   0.0068 
  0.0000   2.0670   2.0954   2.1035   2.1278   0.3324   0.3791   0.2458   0.2346   0.1049   0.0001   0.0017 
  0.0000   2.2048   2.1156   2.1156   2.1521   0.2242   0.3324   0.2406   0.2060   0.1074  -0.0016  -0.0017 
  0.0000   2.3953   2.1805   2.1278   2.1764   0.1376   0.3220   0.2346   0.2095   0.1110  -0.0033  -0.0054 
  0.0000   2.2737   2.3102   2.1400   2.0224   0.1965   0.2372   0.2380   0.2683   0.1093   0.0019  -0.0026 
  0.0000   2.1156   2.0467   2.0711   2.0548   0.2649   0.3748   0.2657   0.2692   0.1036  -0.0007  -0.0028 
  0.0000   2.0670   2.0711   2.0427   2.0467   0.3038   0.3696   0.2744   0.2701   0.1028   0.0000   0.0003 
  0.0000   2.0589   2.0913   2.0670   2.0305   0.2727   0.3843   0.2796   0.2865   0.1031   0.0009  -0.0001 
  0.0000   2.0711   2.0670   2.0954   2.0832   0.3004   0.3514   0.2709   0.2571   0.1040   0.0001  -0.0005 
  0.0000   2.0954   2.1035   2.1035   2.2170   0.2960   0.3445   0.2649   0.1818   0.1065  -0.0013   0.0039 
  0.0000   1.9859   2.0548   2.3264   2.0305   0.3445   0.3774   0.1497   0.2683   0.1050   0.0046  -0.0074 
  0.0000   1.9738   1.9981   2.0792   2.0913   0.3739   0.4129   0.2813   0.2553   0.1018   0.0002   0.0012 
  0.0000   2.1400   2.0670   2.0711   2.0954   0.2501   0.3956   0.2701   0.2562   0.1047  -0.0012  -0.0016 
  0.0000   2.2656   2.2048   2.0711   2.1075   0.2155   0.2917   0.2917   0.2354   0.1081  -0.0012  -0.0008 
  0.0000   1.9941   2.3467   2.0670   2.0467   0.3272   0.2190   0.2761   0.2822   0.1057   0.0047   0.0108 
  0.0000   2.0670   2.0427   2.0913   2.0427   0.3081   0.3973   0.2614   0.2778   0.1030   0.0003  -0.0024 
  0.0000   0.5593   2.0184   2.1278   0.5026  -0.5747   0.3661   0.2363  -0.5721   0.0651   0.0386  -0.0054 
  0.0000   0.3161   1.6779   1.6090   0.2959  -0.6864   0.6241   0.5393  -0.7245   0.0487   0.0334   0.0016 
  0.0000  -0.1986   1.5077   1.2686  -0.0486  -0.7132   0.7816   0.7799  -0.8699   0.0316   0.0378   0.0126 
  0.0000  -0.6079   1.5118   1.0943  -0.1621  -0.7470   0.7989   0.9616  -1.0802   0.0229   0.0422   0.0280 
  0.0000  -0.9241   1.2321   1.0335  -0.4012  -0.8422   0.9937   1.0473  -1.1789   0.0118   0.0449   0.0234 
  0.0000  -1.0335   1.1551   1.2402  -0.7782  -0.9365   1.1114   1.0257  -1.1633   0.0073   0.0526   0.0055 
  0.0000  -1.3050   1.1835   1.3010  -1.1713  -0.9634   1.1815   1.0647  -1.1486   0.0001   0.0620   0.0005 
  0.0000  -1.4996   1.2402   1.3902  -1.3294  -0.9409   1.2231   1.0828  -1.1971  -0.0025   0.0682   0.0007 
  0.0000  -1.5077   1.4226   1.6333  -1.7428  -1.1166   1.1703   0.9954  -1.0785  -0.0024   0.0788  -0.0145 
  0.0000  -1.8481   1.2888   1.9616  -2.0711  -1.0205   1.3312   0.8526  -0.9816  -0.0084   0.0896  -0.0291 
  0.0000  -1.5604   1.3658   2.0224  -2.1643  -1.1945   1.3789   0.8361  -0.9928  -0.0042   0.0889  -0.0409 
  0.0000  -1.6779   1.3658   2.0467  -2.2372  -1.2317   1.4342   0.8535  -0.9911  -0.0063   0.0916  -0.0403 
  0.0000  -1.8238   1.4266   2.0670  -2.2129  -1.2464   1.4273   0.8578  -1.0413  -0.0068   0.0941  -0.0334 
  0.0000  -2.0305   1.7063   1.8117  -2.4723  -1.1209   1.3399   1.0344  -0.9019  -0.0123   0.1003  -0.0178 
  0.0000  -2.2413   1.9576   1.9211  -2.5331  -1.0248   1.2308   1.0041  -0.8673  -0.0112   0.1082  -0.0083 
  0.0000  -2.1926   1.9616   1.9738  -2.4318  -1.0837   1.2603   0.9919  -0.9288  -0.0086   0.1070  -0.0082 
  0.0000  -2.3953   2.1319   1.9819  -2.3345  -0.9850   1.2135   0.9963  -0.9807  -0.0077   0.1105   0.0068 
  0.0000  -2.5209   2.2413   2.1440  -2.2534  -0.8941   1.1365   0.9192  -1.0093  -0.0049   0.1145   0.0118 
  0.0000  -2.3142   2.2048   1.9859  -2.2899  -1.0421   1.2066   1.0162  -1.0006  -0.0052   0.1099   0.0079 
  0.0000  -2.7398   1.9130   2.2291  -2.3021  -0.7617   1.3676   0.8924  -0.9867  -0.0112   0.1148   0.0039 
  0.0000  -2.2413   1.8846   2.1886  -2.1400  -0.9842   1.3494   0.8898  -1.0724  -0.0039   0.1057  -0.0066 
  0.0000  -2.1521   2.1440   2.2859  -2.2980  -1.0828   1.2923   0.8483  -0.9599  -0.0003   0.1110  -0.0093 
  0.0000  -1.9941   2.2048   1.7792  -2.3345  -1.1226   1.2049   1.1226  -0.8119  -0.0043   0.1039   0.0028 
  0.0000  -2.0832   2.1643   1.9697  -2.2251  -1.0984   1.2464   1.0508  -0.9521  -0.0022   0.1055   0.0017 
  0.0000  -2.3264   2.3629   2.1440  -2.3264  -0.9201   1.1374   0.9417  -0.8941  -0.0018   0.1145   0.0071 
  0.0000  -2.4237   2.5453   2.2778  -2.5088  -0.8422   1.0335   0.8500  -0.7565  -0.0014   0.1219   0.0059 
  0.0000  -2.3588   2.4723   2.3588  -2.2291  -0.8448   1.0378   0.7730  -0.8474   0.0030   0.1177   0.0079 
  0.0000  -2.5169   2.3386   2.0346  -2.0589  -0.7158   1.0560   0.9738  -0.9694  -0.0025   0.1119   0.0247 
  0.0000  -2.5817   2.0346   2.0589  -2.0184  -0.6873   1.2343   0.9642  -1.0196  -0.0063   0.1087   0.0175 
  0.0000  -2.5655   1.7874   2.1035  -1.9008  -0.6535   1.3797   0.9409  -1.0672  -0.0072   0.1045   0.0113 
  0.0000  -2.0103   1.9252   2.2615  -2.0224  -0.9547   1.3364   0.8439  -1.0179   0.0019   0.1027  -0.0113 
  0.0000  -1.7549   2.2615   1.9941  -2.3345  -1.1175   1.1633   1.0032  -0.8457   0.0021   0.1043  -0.0101 
  0.0000  -1.7671   2.0589   2.0103  -2.1075  -1.1114   1.2300   0.9850  -0.9331   0.0024   0.0993  -0.0095 
  0.0000  -1.8238   2.0589   2.0184  -2.1886  -1.0872   1.2352   0.9859  -0.9045   0.0008   0.1011  -0.0105 
  0.0000  -1.9089   1.9616   2.0224  -2.1683  -1.0586   1.2906   0.9963  -0.9071  -0.0012   0.1008  -0.0104 
  0.0000  -2.0954   1.9373   1.9859  -2.2413  -0.9686   1.3131   1.0248  -0.8647  -0.0052   0.1032  -0.0063 
  0.0000  -2.1643   1.9616   1.8644  -2.1278  -0.9114   1.3434   1.0837  -0.9088  -0.0058   0.1015   0.0043 
  0.0000  -2.1156   2.1156   2.1805  -2.0832  -0.9565   1.2239   0.9616  -0.9720   0.0012   0.1062  -0.0011 
  0.0000  -2.5939   1.8360   2.2737  -2.0467  -0.6604   1.4014   0.8569  -0.9521  -0.0066   0.1094   0.0036 
  0.0000  -2.0184   1.6658   2.3102  -1.9859  -0.9660   1.5251   0.8309  -0.9816  -0.0004   0.0998  -0.0199 
  0.0000  -2.0954   1.7752   2.2008  -1.9495  -0.9591   1.5104   0.8760  -1.0214  -0.0009   0.1003  -0.0091 
  0.0000  -2.0467   2.0954   2.0184  -2.4682  -0.9729   1.2880   0.9772  -0.7063  -0.0050   0.1079  -0.0112 
  0.0000  -1.9697   2.2008   1.9819  -2.7479  -1.0101   1.2672   1.0283  -0.5713  -0.0067   0.1113  -0.0182 
  0.0000  -2.0467   2.2615   2.0467  -2.2778  -1.0023   1.2551   0.9634  -0.7712  -0.0002   0.1079  -0.0005 
  0.0000  -2.2291   2.3467   2.2048  -2.2899  -0.8630   1.1737   0.8889  -0.7530   0.0004   0.1134   0.0026 
  0.0000  -2.3467   2.4601   2.1035  -2.2980  -0.7885   1.0923   0.9158  -0.7340  -0.0010   0.1151   0.0132 
  0.0000  -2.4561   2.4439   2.3386  -2.1440  -0.6976   1.0889   0.8318  -0.8266   0.0023   0.1173   0.0136 
  0.0000  -2.7114   2.2291   2.0792  -1.8238  -0.5237   1.2109   0.9279  -1.0075  -0.0028   0.1105   0.0337 
  0.0000  -1.8522   1.7792   2.0184  -1.6171  -1.0413   1.4637   0.9738  -1.1270   0.0041   0.0908  -0.0001 
  0.0000  -1.7509   1.7387   2.1764  -1.7792  -1.1200   1.5260   0.8846  -1.0724   0.0048   0.0931  -0.0151 
  0.0000  -1.8603   1.7549   2.2737  -1.8968  -1.0724   1.5615   0.8102  -1.0162   0.0034   0.0973  -0.0180 
  0.0000  -1.9454   1.9738   2.0670  -2.2372  -0.9989   1.4299   0.9322  -0.8162  -0.0018   0.1028  -0.0125 
  0.0000  -2.0954   2.2859   2.0224  -2.4358  -0.9218   1.2386   0.9738  -0.6881  -0.0028   0.1105  -0.0025 
  0.0000  -2.1521   2.3507   2.1278  -2.2170  -0.9184   1.1867   0.9097  -0.8041   0.0014   0.1106   0.0051 
  0.0000  -2.1156   2.2899   2.1440  -2.1683  -0.9054   1.2101   0.8751  -0.8249   0.0019   0.1090   0.0030 
  0.0000  -2.0832   2.2008   2.1319  -2.1156  -0.9556   1.2205   0.8829  -0.8517   0.0017   0.1066   0.0012 
  0.0000  -2.2413   2.2778   2.2251  -1.8279  -0.8379   1.1971   0.7504  -1.0136   0.0054   0.1071   0.0151 
  0.0000  -2.2778   2.0792   1.9819  -1.8846  -0.7833   1.3079   0.9859  -1.0136  -0.0013   0.1028   0.0159 
  0.0000  -2.2899   1.8968   2.0670  -1.8360  -0.7669   1.4490   0.9314  -1.0447  -0.0020   0.1011   0.0092 
  0.0000  -1.9616   1.6090   2.1643  -1.8157  -0.9833   1.6004   0.8699  -1.0794  -0.0001   0.0944  -0.0133 
  0.0000  -1.9738   2.0467   2.2251  -1.7671  -1.0352   1.3512   0.8664  -1.1330   0.0066   0.1002   0.0009 
  0.0000  -1.8765   2.4318   1.9089  -2.1278  -1.0707   1.1157   1.0015  -0.9322   0.0042   0.1043   0.0088 
  0.0000  -2.0427   2.0062   1.7549  -2.3223  -0.9452   1.4022   1.1244  -0.8136  -0.0075   0.1016  -0.0009 
  0.0000  -2.3345   2.0427   1.6293  -2.1926  -0.8301   1.3477   1.2170  -0.9037  -0.0107   0.1025   0.0180 
  0.0000  -2.3102   2.1805   1.9859  -2.0954  -0.8050   1.2984   1.0370  -0.9461  -0.0030   0.1071   0.0133 
  0.0000  -2.1278   2.2737   2.2656  -2.2291  -0.9011   1.2057   0.8941  -0.8699   0.0023   0.1112  -0.0030 
  0.0000  -2.2737   2.4439   2.6628  -2.1521  -0.8586   1.1166   0.6431  -0.9331   0.0085   0.1192  -0.0032 
  0.0000  -2.5939   2.1562   2.1440  -2.1440  -0.6249   1.2551   0.9348  -0.9634  -0.0055   0.1130   0.0150 
  0.0000  -2.0305   1.8117   2.2615  -1.8157  -0.7868   1.4827   0.8595  -1.1166   0.0028   0.0990  -0.0076 
  0.0000  -1.9576   1.8036   2.3345  -1.9697  -1.0015   1.4810   0.7851  -1.0309   0.0026   0.1008  -0.0176 
  0.0000  -1.9008   1.9495   2.3629  -1.9333  -0.9616   1.4014   0.7548  -1.0759   0.0060   0.1018  -0.0145 
  0.0000  -1.9454   2.5655   2.0913  -2.3993  -0.9513   1.0274   0.8985  -0.7859   0.0039   0.1125   0.0007 
  0.0000  -1.9454   2.2656   1.9859  -2.4480  -0.9842   1.1850   0.9513  -0.7903  -0.0018   0.1081  -0.0072 
  0.0000  -2.0711   2.2170   1.9008  -2.2291  -0.9478   1.2239   1.0162  -0.8786  -0.0023   0.1052   0.0051 
  0.0000  -2.2008   2.3142   1.8279  -2.0346  -0.8379   1.1728   1.0854  -0.9902  -0.0012   0.1047   0.0212 
  0.0000  -2.2008   2.2413   2.0224  -2.0832  -0.8145   1.1668   0.9677  -0.9452  -0.0003   0.1068   0.0109 
  0.0000  -1.9616   2.2494   2.6182  -1.9252  -0.9651   1.1677   0.6457  -1.0586   0.0123   0.1094  -0.0108 
  0.0000  -2.3993   2.0305   2.1886  -1.9454  -0.7046   1.3131   0.8837  -1.0569  -0.0016   0.1070   0.0096 
  0.0000  -2.0913   1.8279   2.0103  -1.7306  -0.8465   1.4360   0.9824  -1.1997   0.0002   0.0958   0.0058 
  0.0000  -1.9211   1.7630   2.0832  -1.7874  -0.9599   1.4767   0.9288  -1.1815   0.0017   0.0944  -0.0061 
  0.0000  -1.8603   2.1156   2.4075  -1.9697  -1.0257   1.3356   0.7219  -1.1226   0.0087   0.1044  -0.0130 
  0.0000  -2.0305   2.4358   2.2778  -2.4237  -0.9608   1.1131   0.7842  -0.8413   0.0032   0.1146  -0.0076 
  0.0000  -2.0103   2.2778   2.1683  -2.5898  -0.9867   1.1555   0.8526  -0.7626  -0.0019   0.1131  -0.0153 
  0.0000  -2.0832   2.2899   2.1683  -2.3264  -0.9028   1.1512   0.8517  -0.8318   0.0006   0.1108  -0.0039 
  0.0000  -2.1440   2.3142   2.0589  -2.2129  -0.8967   1.1218   0.9045  -0.9132   0.0002   0.1091   0.0061 
  0.0000  -2.2859   2.3467   2.2008  -1.9859  -0.7669   1.0872   0.8405  -1.0430   0.0034   0.1102   0.0145 
  0.0000  -2.3021   2.2008   1.8400  -1.8400  -0.7643   1.1590   1.0274  -1.1183  -0.0013   0.1023   0.0267 
  0.0000  -2.4804   1.8765   2.0184  -1.9738  -0.6293   1.3641   0.9279  -1.0742  -0.0070   0.1044   0.0118 
  0.0000  -1.9576   1.5320   2.1035  -2.0224  -0.9383   1.5675   0.8777  -1.0569  -0.0043   0.0952  -0.0207 
  0.0000  -1.9373   1.4753   2.1886  -2.0184  -0.9461   1.6783   0.8327  -1.0742  -0.0036   0.0952  -0.0258 
  0.0000  -1.7671   1.6171   2.1075  -1.9333  -1.0612   1.6152   0.8863  -1.1226   0.0003   0.0928  -0.0213 
  0.0000  -1.8360   2.0103   1.8522  -2.1562  -1.0395   1.4152   1.0222  -1.0179  -0.0016   0.0982  -0.0053 
  0.0000  -1.7995   2.7276   1.9252  -2.3953  -1.0768   1.0093   0.9971  -0.8725   0.0057   0.1106   0.0067 
  0.0000  -1.9373   2.1278   2.0224  -2.1886  -1.0352   1.2992   0.9409  -0.9790   0.0003   0.1035  -0.0047 
  0.0000  -2.0548   2.1035   2.0832  -2.2859  -0.9833   1.3503   0.9253  -0.9201  -0.0019   0.1066  -0.0068 
  0.0000  -2.1035   2.2291   2.0224  -2.3588  -0.9201   1.2620   0.9279  -0.8829  -0.0026   0.1089  -0.0016 
  0.0000  -2.2980   2.4318   2.4480  -2.2494  -0.8145   1.1555   0.7271  -0.9097   0.0042   0.1178   0.0011 
  0.0000  -2.4966   2.1562   2.1278  -2.0467  -0.6622   1.3269   0.8924  -1.0309  -0.0032   0.1103   0.0155 
  0.0000  -2.0832   1.7752   2.1278  -1.8968  -0.9409   1.5476   0.8967  -1.1209  -0.0010   0.0985  -0.0054 
  0.0000  -2.0589   1.7509   2.2048  -1.9616  -0.9305   1.5883   0.8500  -1.0898  -0.0008   0.0997  -0.0116 
  0.0000  -2.0792   1.7185   2.1400  -1.8644  -0.9374   1.5892   0.8509  -1.1633  -0.0011   0.0975  -0.0067 
  0.0000  -2.0184   2.2899   1.9859  -2.2048  -0.9599   1.2620   0.9539  -0.9504   0.0007   0.1062   0.0038 
  0.0000  -2.0184   2.2251   1.9697  -2.6425  -0.9694   1.3235   0.9772  -0.7020  -0.0058   0.1107  -0.0120 
  0.0000  -2.0103   2.1197   2.0427  -2.2008  -0.9911   1.3546   0.9314  -0.9244  -0.0006   0.1047  -0.0037 
  0.0000  -2.1035   2.2494   2.2251  -2.4682  -0.9210   1.2793   0.8292  -0.7712  -0.0012   0.1131  -0.0111 
  0.0000  -1.8360   2.1440   2.3264  -2.0913  -1.0794   1.3434   0.7851  -0.9824   0.0068   0.1050  -0.0142 
  0.0000  -2.2413   1.9616   1.8968  -1.6698  -0.8933   1.4152   1.0049  -1.2075  -0.0007   0.0971   0.0207 
  0.0000  -2.3345   2.0670   1.8887  -1.8238  -0.7894   1.4048   1.0153  -1.1599  -0.0025   0.1014   0.0224 
  0.0000  -2.5331   1.9738   2.2170  -1.9941  -0.6596   1.4645   0.8630  -1.0508  -0.0042   0.1090   0.0096 
  0.0000  -1.9373   1.7752   2.4439  -2.1683  -1.0257   1.5857   0.7020  -0.9703   0.0014   0.1041  -0.0292 
  0.0000  -1.7387   2.3142   2.4966  -2.0711  -1.1503   1.2629   0.6146  -1.0084   0.0125   0.1078  -0.0167 
  0.0000  -1.8036   1.9738   2.0548  -2.4439  -1.1192   1.5026   0.8612  -0.7955  -0.0027   0.1035  -0.0234 
  0.0000  -2.1521   2.3142   1.9454  -2.4075  -0.9184   1.2698   0.9634  -0.7955  -0.0037   0.1102   0.0037 
  0.0000  -2.0954   2.0954   2.1035  -2.3507  -0.9842   1.4135   0.8820  -0.8223  -0.0031   0.1081  -0.0086 
  0.0000  -2.2494   2.3142   1.9495  -2.2129  -0.8284   1.2404   0.9469  -0.8846  -0.0025   0.1091   0.0130 
  0.0000  -2.5331   2.5088   2.2291  -1.8765  -0.6717   1.1434   0.8275  -1.0828   0.0041   0.1143   0.0304 
  0.0000  -2.3386   2.2008   1.8481  -1.8400  -0.7712   1.3278   1.0153  -1.1079  -0.0016   0.1028   0.0276 
  0.0000  -2.2170   1.6333   2.0792  -1.9008  -0.8180   1.6593   0.9262  -1.0854  -0.0051   0.0979  -0.0042 
  0.0000  -1.7387   1.3010   1.9738  -2.0062  -1.1226   1.9008   0.9729  -1.0387  -0.0059   0.0877  -0.0305 
  0.0000  -1.7792   1.3537   1.8968  -1.8725  -1.1200   1.8887   1.0205  -1.1140  -0.0050   0.0863  -0.0207 
  0.0000  -1.2037   0.1013   0.3040  -1.3537  -0.2960   0.3306  -0.0987  -0.3324  -0.0269   0.0370  -0.0114 
  0.0000  -0.8673  -0.2837  -0.3161  -0.5877  -0.3843   0.2536  -0.1653  -0.5782  -0.0257   0.0107   0.0101 
  0.0000  -0.5147  -0.6931  -0.8998  -0.5877  -0.4051   0.1021  -0.1671  -0.4068  -0.0337  -0.0061   0.0043 
  0.0000  -0.7093  -0.6809  -0.7457  -0.6849  -0.1809  -0.1091  -0.5583  -0.2164  -0.0353  -0.0004   0.0029 
  0.0000  -0.7052  -0.8998  -0.8795  -0.7457  -0.0814  -0.0866  -0.7652  -0.0632  -0.0404  -0.0041  -0.0020 
  0.0000  -0.6606  -1.1835  -1.0821  -0.8065  -0.0476  -0.1930  -0.9158  -0.0164  -0.0467  -0.0100  -0.0080 
  0.0000  -0.9038  -1.3415  -1.2686  -0.9646   0.1143  -0.3341  -1.0430   0.1333  -0.0560  -0.0093  -0.0043 
  0.0000  -0.8916  -1.3658  -1.4712  -0.8754   0.3575  -0.5488  -1.1426   0.2882  -0.0576  -0.0134   0.0039 
  0.0000  -0.7903  -1.5239  -1.7266  -0.7336   0.4345  -0.7037  -1.1763   0.3696  -0.0597  -0.0216   0.0084 
  0.0000  -0.5228  -1.6698  -2.2656  -0.5390   0.4371  -0.7963  -1.0577   0.3930  -0.0625  -0.0359   0.0188 
  0.0000  -0.4499  -1.7266  -2.3750  -0.2797   0.5081  -0.8985  -1.0854   0.3532  -0.0604  -0.0422   0.0266 
  0.0000  -0.3526  -1.9454  -2.5817  -0.0365   0.5721  -0.9625  -1.0698   0.3038  -0.0615  -0.0517   0.0309 
  0.0000  -0.2675  -2.1521  -2.6547   0.0284   0.6050  -0.9634  -1.0993   0.3601  -0.0631  -0.0571   0.0259 
  0.0000  -0.3891  -2.6263  -2.7722   0.1581   0.7825  -0.7678  -1.0984   0.3410  -0.0704  -0.0646   0.0225 
  0.0000  -0.3040  -2.2980  -2.7033   0.0162   0.8154  -1.0300  -1.2109   0.4882  -0.0661  -0.0589   0.0236 
  0.0000  -0.0851  -2.6871  -2.7641   0.0041   0.7929  -0.9210  -1.2326   0.5566  -0.0692  -0.0671   0.0054 
  0.0000   0.0122  -2.8938  -2.7155   0.0000   0.8076  -0.8232  -1.3027   0.6154  -0.0700  -0.0703  -0.0062 
  0.0000   0.0243  -2.9546  -3.5544   0.0000   0.8526  -0.8656  -0.8725   0.6682  -0.0811  -0.0817   0.0187 
  0.0000   0.0243  -2.9708  -3.1613   0.0405   0.9071  -0.8829  -1.0802   0.7150  -0.0758  -0.0775   0.0067 
  0.0000   0.0608  -3.0073  -3.1613   0.0365   0.9054  -0.8578  -1.0560   0.7366  -0.0759  -0.0783   0.0042 
  0.0000  -0.0892  -2.8695  -3.3234   0.0405   1.0482  -0.9521  -0.9642   0.8058  -0.0780  -0.0768   0.0189 
  0.0000   0.0041  -3.4166  -3.0316   0.2594   1.0638  -0.6423  -1.1382   0.7193  -0.0773  -0.0839  -0.0042 
  0.0000   0.0041  -2.8938  -2.9303   0.3040   1.0923  -0.9469  -1.1928   0.6976  -0.0690  -0.0767   0.0109 
  0.0000   0.1256  -3.0802  -3.2018   0.0041   1.0698  -0.8889  -1.0266   0.9019  -0.0769  -0.0801   0.0000 
  0.0000   0.3648  -3.1410  -3.5139   0.0243   1.0049  -0.8128  -0.9140   0.9417  -0.0783  -0.0881   0.0011 
  0.0000   0.0041  -2.9060  -3.0924   0.1621   1.2326  -0.9885  -1.0586   0.9045  -0.0729  -0.0771   0.0112 
  0.0000   0.0041  -2.9465  -2.9708  -0.0243   1.2715  -0.9842  -1.1348   1.0170  -0.0742  -0.0737  -0.0001 
  0.0000   0.1500  -2.9181  -2.9951   0.0041   1.2308  -0.9426  -1.1114   1.0473  -0.0720  -0.0758  -0.0022 
  0.0000   0.0527  -3.4896  -3.0438   0.4053   1.3209  -0.6474  -1.0655   0.8595  -0.0759  -0.0874  -0.0030 
  0.0000   0.0405  -2.9546  -2.8979   0.1702   1.3373  -0.9677  -1.1659   1.0023  -0.0705  -0.0758   0.0024 
  0.0000   0.0730  -2.8330  -3.0154   0.0770   1.3338  -0.9642  -1.0569   1.0846  -0.0712  -0.0750   0.0061 
  0.0000   0.1621  -2.7479  -2.7479   0.3040   1.3321  -1.0534  -1.2170   1.0266  -0.0629  -0.0745   0.0046 
  0.0000   0.6485  -3.1735  -2.9303   0.3688   1.0205  -0.8604  -1.1053   0.9798  -0.0636  -0.0890  -0.0170 
  0.0000   0.7822  -3.1491  -2.9546   0.5147   0.9582  -0.8266  -1.1079   0.8863  -0.0601  -0.0925  -0.0150 
  0.0000   0.7336  -3.2099  -2.9708   0.6809   1.0499  -0.7756  -1.0993   0.7911  -0.0596  -0.0949  -0.0095 
  0.0000   0.5269  -2.7884  -2.8938   1.0457   1.1408  -0.8985  -1.1408   0.5566  -0.0514  -0.0907   0.0203 
  0.0000   0.2959  -2.7479  -2.8371   0.9362   1.2300  -1.0153  -1.1694   0.6068  -0.0544  -0.0852   0.0237 
  0.0000   0.5471  -2.9789  -3.0559   0.5228   1.1123  -0.9045  -1.0153   0.8050  -0.0621  -0.0888   0.0017 
  0.0000   0.6809  -3.2748  -2.5939   0.2837   0.9945  -0.7089  -1.3287   0.9755  -0.0613  -0.0854  -0.0350 
  0.0000   0.6363  -3.2626  -2.5777   0.1337   0.9945  -0.7072  -1.3408   1.0647  -0.0634  -0.0826  -0.0386 
  0.0000   0.5998  -3.0519  -2.5939   0.0770   0.9833  -0.8327  -1.3486   1.1123  -0.0621  -0.0790  -0.0318 
  0.0000   0.1743  -3.5382  -2.7965   0.6849   1.3061  -0.5730  -1.2750   0.7660  -0.0684  -0.0899  -0.0075 
  0.0000   0.0770  -2.5777  -2.7155   0.5390   1.3425  -1.0647  -1.3356   0.8301  -0.0585  -0.0739   0.0195 
  0.0000   0.3769  -2.8006  -2.7601   0.6323   1.1772  -0.9703  -1.3157   0.7911  -0.0569  -0.0821   0.0070 
  0.0000   0.4742  -3.1289  -2.8006   0.5471   1.0872  -0.7842  -1.2940   0.8024  -0.0614  -0.0869  -0.0083 
  0.0000   0.4742  -3.2221  -3.6031   0.4256   1.1235  -0.6890  -0.8119   0.8673  -0.0741  -0.0966   0.0108 
  0.0000   0.2959  -2.9708  -3.2707   0.7336   1.2386  -0.8439  -1.0075   0.6769  -0.0652  -0.0909   0.0239 
  0.0000   0.5755  -2.9465  -3.2869   0.7214   1.0491  -0.8526  -0.9945   0.6613  -0.0617  -0.0941   0.0158 
  0.0000   0.5147  -2.8979  -3.3356   0.8511   1.0577  -0.8405  -0.9279   0.5470  -0.0608  -0.0950   0.0251 
  0.0000   0.0892  -2.6993  -3.0924   0.6971   1.3875  -0.9824  -1.0603   0.6206  -0.0626  -0.0822   0.0325 
  0.0000   0.0122  -2.7276  -2.8938   0.4864   1.4403  -0.9608  -1.1426   0.7089  -0.0640  -0.0765   0.0208 
  0.0000   0.2189  -2.8452  -3.2626   0.2310   1.3261  -0.9322  -0.9746   0.8543  -0.0707  -0.0820   0.0139 
  0.0000   0.5147  -2.9830  -3.0762   0.4256   1.1806  -0.8621  -1.0361   0.7626  -0.0640  -0.0875   0.0001 
  0.0000   0.5269  -2.9668  -3.0316   0.4053   1.1157  -0.8465  -1.0248   0.7617  -0.0633  -0.0866  -0.0018 
  0.0000   0.3891  -2.8371  -3.0559   0.4864   1.1867  -0.9270  -1.0144   0.7054  -0.0627  -0.0846   0.0103 
  0.0000   0.5269  -2.8209  -3.1654   0.4782   1.1642  -0.9253  -0.9426   0.6959  -0.0623  -0.0874   0.0096 
  0.0000   0.4053  -2.8938  -3.0438   0.6971   1.2482  -0.9357  -0.9850   0.5566  -0.0604  -0.0880   0.0143 
  0.0000   0.1864  -2.6547  -2.8979   0.5755   1.3849  -1.0447  -1.0698   0.6215  -0.0599  -0.0789   0.0205 
  0.0000   0.4256  -2.7722  -3.2748   0.2594   1.2170  -1.0300  -0.8586   0.8015  -0.0670  -0.0841   0.0109 
  0.0000   0.4620  -2.7398  -2.8735   0.2472   1.1659  -1.0318  -1.0612   0.8015  -0.0613  -0.0790  -0.0026 
  0.0000   0.3526  -2.7236  -2.7965   0.4742   1.2395  -1.0846  -1.0967   0.6596  -0.0587  -0.0793   0.0063 
  0.0000   0.5471  -2.7722  -2.8006   0.5026   1.1737  -1.0534  -1.1348   0.6474  -0.0565  -0.0828  -0.0005 
  0.0000   0.8511  -2.8006  -2.9060   0.5634   0.9781  -1.0802  -1.0716   0.6007  -0.0537  -0.0890  -0.0059 
  0.0000   0.5958  -3.1735  -2.8938   0.8511   1.0543  -0.8846  -1.0889   0.4233  -0.0578  -0.0939  -0.0008 
  0.0000   0.4864  -2.4115  -2.6628   0.7822   1.0785  -1.3589  -1.2118   0.4449  -0.0476  -0.0793   0.0178 
  0.0000   0.5350  -2.4237  -3.0559   0.5107   1.0759  -1.3797  -0.9963   0.6137  -0.0554  -0.0816   0.0197 
  0.0000   0.3769  -2.5290  -2.6749   0.3283   1.1720  -1.3425  -1.2274   0.6847  -0.0562  -0.0739   0.0032 
  0.0000   0.3080  -2.7965  -2.9222   0.2229   1.2308  -1.1798  -1.0949   0.7392  -0.0648  -0.0781   0.0013 
  0.0000   0.2310  -2.9830  -3.0073   0.1581   1.2741  -1.1053  -1.0421   0.7920  -0.0700  -0.0797  -0.0016 
  0.0000   0.2553  -3.1370  -3.1289   0.1864   1.2551  -1.0101  -0.9677   0.7903  -0.0728  -0.0838  -0.0025 
  0.0000   0.3769  -3.1046  -3.1248   0.0770   1.1858  -0.9997  -0.9694   0.8586  -0.0722  -0.0835  -0.0091 
  0.0000   0.3445  -2.9911  -2.7641   0.4053   1.2231  -1.1244  -1.1876   0.7167  -0.0626  -0.0813  -0.0054 
  0.0000   0.2553  -2.8614  -2.6425   0.0486   1.3200  -1.1564  -1.2594   0.9210  -0.0650  -0.0726  -0.0138 
  0.0000   0.5836  -3.1410  -3.0924   0.0000   1.1140  -0.9963  -1.0075   0.9651  -0.0706  -0.0852  -0.0205 
  0.0000   0.6606  -3.1978  -2.8209   0.1621   1.0811  -0.9530  -1.1746   0.9149  -0.0649  -0.0855  -0.0284 
  0.0000   0.6971  -3.3842  -2.9424   0.3161   0.9798  -0.8309  -1.1045   0.8595  -0.0664  -0.0917  -0.0267 
  0.0000   0.7822  -3.3072  -2.8371   0.1378   0.8872  -0.8050  -1.1503   0.9651  -0.0653  -0.0883  -0.0362 
  0.0000   0.3323  -3.7855  -3.0397   0.6606   1.1607  -0.5306  -1.0595   0.7089  -0.0729  -0.0977  -0.0136 
  0.0000   0.1500  -2.9343  -2.7965   0.4904   1.3191  -0.9608  -1.1971   0.7747  -0.0636  -0.0796   0.0066 
  0.0000   0.4296  -3.2586  -3.0032   0.4985   1.0898  -0.7920  -1.0716   0.7816  -0.0667  -0.0899  -0.0061 
  0.0000   0.6444  -3.2099  -3.2464   0.0405   0.9798  -0.8145  -0.9980   1.0629  -0.0721  -0.0893  -0.0184 
  0.0000   0.3688  -3.2383  -2.8330   0.1013   1.1780  -0.7357  -1.1737   1.0231  -0.0700  -0.0818  -0.0218 
  0.0000   0.4296  -3.1978  -2.9181   0.1824   1.1036  -0.7556  -1.1287   1.0248  -0.0688  -0.0841  -0.0171 
  0.0000   0.2189  -2.9708  -2.9668   0.1378   1.2170  -0.8621  -1.1097   1.0447  -0.0698  -0.0787  -0.0028 
  0.0000   0.0284  -3.3477  -2.9181   0.5350   1.3157  -0.6674  -1.1226   0.8223  -0.0713  -0.0854   0.0025 
  0.0000   0.0041  -2.8938  -2.3831   0.0243   1.3901  -0.8846  -1.4386   1.1521  -0.0656  -0.0663  -0.0159 
  0.0000   0.2472  -3.0032  -2.4196   0.1500   1.3035  -0.8188  -1.4446   1.1270  -0.0628  -0.0728  -0.0221 
  0.0000   0.3040  -2.9465  -3.1248   0.0000   1.2698  -0.8309  -1.0707   1.2239  -0.0721  -0.0797  -0.0041 
  0.0000   0.0284  -2.8857  -2.7520   0.0000   1.4317  -0.8621  -1.3070   1.2577  -0.0701  -0.0708  -0.0053 
  0.0000   0.3202  -3.0316  -2.8857   0.2594   1.3304  -0.7626  -1.2291   1.1200  -0.0667  -0.0812  -0.0067 
  0.0000   0.3080  -2.9789  -2.6912   0.1256   1.2750  -0.7695  -1.3676   1.2118  -0.0655  -0.0763  -0.0153 
  0.0000   0.2432  -3.3437  -2.7763   0.7336   1.4100  -0.6907  -1.3261   0.8915  -0.0643  -0.0887  -0.0025 
  0.0000   0.2189  -2.7520  -2.9181   0.5634   1.4481  -0.8889  -1.2620   0.9798  -0.0611  -0.0807   0.0166 
  0.0000   0.3404  -2.9303  -2.7722   0.5390   1.3364  -0.8465  -1.3624   0.9893  -0.0603  -0.0823   0.0013 
  0.0000   0.5390  -2.9668  -3.1613   0.7295   1.2161  -0.7937  -1.1062   0.8829  -0.0607  -0.0925   0.0125 
  0.0000   0.4985  -2.8695  -3.0559   0.6687   1.2646  -0.8560  -1.1902   0.9071  -0.0595  -0.0887   0.0116 
  0.0000   0.5877  -2.8695  -3.1167   0.7903   1.1988  -0.8483  -1.1486   0.8076  -0.0576  -0.0921   0.0146 
  0.0000   0.6079  -2.9465  -3.1532   0.8633   1.1685  -0.8379  -1.0854   0.7522  -0.0579  -0.0946   0.0150 
  0.0000   0.3810  -3.3477  -3.2464   1.0457   1.3269  -0.6414  -1.0525   0.5721  -0.0646  -0.1003   0.0183 
  0.0000   0.3161  -2.7763  -3.1005   0.9281   1.3382  -0.9210  -1.1097   0.6189  -0.0579  -0.0890   0.0304 
  0.0000   0.3891  -2.8735  -3.0681   1.0132   1.3027  -0.8768  -1.1071   0.5367  -0.0567  -0.0918   0.0266 
  0.0000   0.4904  -2.5088  -3.5625   0.7457   1.2759  -1.0612  -0.8716   0.6241  -0.0604  -0.0913   0.0425 
  0.0000   0.4256  -2.5777  -2.9100   0.5471   1.3010  -1.0543  -1.1780   0.7020  -0.0564  -0.0808   0.0147 
  0.0000   0.6687  -2.6385  -2.8614   0.5634   1.1261  -1.0802  -1.1919   0.7124  -0.0533  -0.0841   0.0038 
  0.0000   0.6809  -2.6060  -2.8371   0.5026   1.1149  -1.1010  -1.2248   0.7271  -0.0532  -0.0828   0.0017 
  0.0000   0.7295  -2.9830  -2.8816   0.5877   1.1079  -0.9166  -1.1910   0.6544  -0.0568  -0.0898  -0.0079 
  0.0000   0.4256  -3.3964  -2.9060   0.6728   1.2352  -0.7020  -1.1642   0.5791  -0.0650  -0.0925  -0.0079 
  0.0000   0.5147  -2.7641  -2.8573   0.4985   1.1599  -1.0344  -1.2014   0.6838  -0.0576  -0.0829   0.0025 
  0.0000   0.6363  -2.7276  -3.2140   0.2959   1.0724  -1.0776  -0.9876   0.7608  -0.0626  -0.0859   0.0047 
  0.0000   0.4296  -2.7479  -2.9465   0.2310   1.1711  -1.0932  -1.1434   0.8413  -0.0629  -0.0794   0.0000 
  0.0000   0.3040  -2.7601  -2.9911   0.0973   1.2966  -1.1001  -1.1123   0.9002  -0.0669  -0.0769   0.0008 
  0.0000   0.4377  -2.7601  -3.1410   0.3040   1.1936  -1.0846  -1.0318   0.8136  -0.0645  -0.0830   0.0080 
  0.0000   0.3567  -2.8816  -3.0762   0.3810   1.2308  -1.0439  -1.0335   0.7704  -0.0653  -0.0837   0.0071 
  0.0000   0.2918  -2.4480  -3.0519   0.6687   1.3027  -1.2447  -1.0525   0.5825  -0.0567  -0.0808   0.0318 
  0.0000   0.1945  -2.6628  -2.8695   0.4296   1.3918  -1.2023  -1.1642   0.7020  -0.0614  -0.0770   0.0143 
  0.0000   0.4620  -2.9100  -3.2829   0.0162   1.1737  -1.0629  -0.8560   0.9521  -0.0714  -0.0834  -0.0024 
  0.0000   0.4661  -2.9303  -2.9587   0.0405   1.1486  -1.0586  -1.0828   0.9772  -0.0673  -0.0799  -0.0129 
  0.0000   0.6444  -3.1654  -2.9830   0.0648   1.0447  -0.9314  -1.0647   0.9885  -0.0680  -0.0857  -0.0247 
  0.0000   0.6485  -3.1127  -2.8938   0.2351   1.0395  -0.9383  -1.0941   0.9071  -0.0640  -0.0861  -0.0205 
  0.0000   0.6971  -2.9465  -3.0519   0.3648   1.0110  -1.0266  -0.9902   0.8595  -0.0617  -0.0883  -0.0074 
  0.0000   0.2959  -3.6598  -3.0762   0.6079   1.2326  -0.6457  -1.0144   0.7167  -0.0729  -0.0955  -0.0088 
  0.0000   0.2351  -2.8857  -2.7520   0.5107   1.3105  -1.0768  -1.1469   0.7989  -0.0611  -0.0798   0.0046 
  0.0000   0.5593  -3.0316  -3.0924   0.2351   1.1053  -0.9729  -0.9599   0.9426  -0.0666  -0.0865  -0.0086 
  0.0000   0.4742  -2.9587  -2.7965   0.2351   1.1365  -1.0032  -1.1417   0.9772  -0.0631  -0.0808  -0.0130 
  0.0000   0.6323  -3.0316  -2.7641   0.1864   1.0222  -0.9495  -1.1728   1.0119  -0.0622  -0.0827  -0.0232 
  0.0000   0.6566  -3.0073  -2.6749   0.3161   0.9928  -0.9712  -1.2075   0.9565  -0.0589  -0.0832  -0.0218 
  0.0000   0.6849  -2.8492  -2.8735   0.3769   0.9867  -1.0534  -1.1200   0.9262  -0.0583  -0.0848  -0.0092 
  0.0000   0.3648  -3.4328  -2.7844   0.6931   1.1114  -0.6838  -1.1841   0.7409  -0.0645  -0.0909  -0.0104 
  0.0000   0.4418  -2.9546  -2.6425   0.5107   1.0880  -1.0015  -1.2845   0.8387  -0.0581  -0.0819  -0.0079 
  0.0000   0.7579  -2.9587  -2.9546   0.0770   0.8725  -0.9850  -1.0949   1.0828  -0.0635  -0.0844  -0.0222 
  0.0000   0.6485  -2.9303  -2.7155   0.2715   0.9340  -0.9582  -1.2585   1.0032  -0.0591  -0.0821  -0.0192 
  0.0000   0.5998  -2.9587  -2.8695   0.4499   0.9192  -0.9469  -1.1962   0.9071  -0.0597  -0.0860  -0.0078 
  0.0000   0.5836  -2.8006  -2.7236   0.3688   0.9686  -1.0413  -1.2793   0.9340  -0.0571  -0.0810  -0.0095 
  0.0000   0.5471  -2.8452  -2.9181   0.5593   0.9400  -1.0595  -1.1651   0.8500  -0.0582  -0.0859   0.0028 
  0.0000   0.2715  -3.3315  -2.9789   0.6485   1.1261  -0.7228  -1.1434   0.7894  -0.0674  -0.0904   0.0008 
  0.0000   0.2797  -2.9546  -2.8573   0.6120   1.0759  -0.9140  -1.2300   0.8024  -0.0615  -0.0838   0.0076 
  0.0000   0.2918  -3.0438  -2.9587   0.4782   1.1382  -0.8734  -1.1746   0.8803  -0.0654  -0.0847   0.0033 
  0.0000   0.3891  -2.8371  -3.4288   0.3202   1.0456  -0.9919  -0.9660   0.9565  -0.0695  -0.0872   0.0170 
  0.0000   0.2472  -2.8330  -3.0073   0.3648   1.1789  -1.0032  -1.1477   0.9184  -0.0654  -0.0807   0.0095 
  0.0000   0.1986  -2.9303  -3.0681   0.4620   1.1772  -0.9608  -1.0923   0.8656  -0.0667  -0.0832   0.0130 
  0.0000   0.1986  -2.8938  -3.0397   0.2837   1.1677  -0.9712  -1.1079   0.9539  -0.0681  -0.0802   0.0075 
  0.0000   0.1135  -3.3356  -3.0397   0.4539   1.2862  -0.6925  -1.1200   0.9054  -0.0726  -0.0868   0.0014 
  0.0000   0.0527  -2.7844  -2.9303   0.4539   1.3737  -1.0136  -1.1780   0.8682  -0.0651  -0.0778   0.0178 
  0.0000   0.2351  -2.9222  -2.9951   0.4661   1.2326  -0.9106  -1.0880   0.8474  -0.0652  -0.0827   0.0099 
  0.0000   0.3283  -3.0316  -2.8492   0.3161   1.2049  -0.8863  -1.1954   0.9738  -0.0655  -0.0816  -0.0063 
  0.0000   0.2675  -2.8330  -2.7398   0.3323   1.2404  -0.9530  -1.2733   0.9764  -0.0622  -0.0772  -0.0009 
  0.0000   0.3567  -2.8087  -2.7763   0.3445   1.2161  -0.9824  -1.2490   0.9616  -0.0610  -0.0786  -0.0014 
  0.0000   0.3931  -2.7965  -2.9668   0.4539   1.1625  -1.0162  -1.1287   0.8647  -0.0615  -0.0826   0.0075 
  0.0000   0.2797  -3.2099  -3.1289   0.6606   1.2992  -0.8024  -1.0586   0.7669  -0.0675  -0.0910   0.0097 
