t, omega_1,     omega_2,    omega_3,    omega_4,     M1,     M2,     M3,    M4,     Vx_o,       Vy_o,   dpsi
  0.0000   0.0041   0.0000   0.0041   0.0000   0.0164   0.1013   0.0069   0.2337   0.0001   0.0000  -0.0003 
  0.0000   1.3172  -0.2959   2.4439  -0.0608   2.2029   0.1272   1.5459   0.0874   0.0426   0.0111  -0.1337 
  0.0000   2.4804   0.0892   2.5777   0.0041   1.8982   0.0381   1.7857   0.0615   0.0644   0.0023  -0.1612 
  0.0000   3.8827   0.2837   3.5666  -0.0041   1.4230  -0.0372   1.6152   0.0052   0.0966  -0.0004  -0.2328 
  0.0000   4.3893   0.3931   4.3812  -0.2067   1.0776  -0.0346   1.5433  -0.0164   0.1120   0.0074  -0.2787 
  0.0000   4.9000   0.3931   5.3418  -0.2229   1.1348  -0.0277   1.3079  -0.0857   0.1302   0.0132  -0.3270 
  0.0000   5.2891   0.3648   5.6214  -0.0892   1.0681  -0.0061   1.4204  -0.2562   0.1398   0.0098  -0.3453 
  0.0000   5.5809   0.4175   6.3753  -0.3283   0.8119   0.0666   1.3217  -0.3618   0.1506   0.0193  -0.3853 
  0.0000   5.6214   0.4175   6.9427  -0.5958   0.8318   0.1030   1.1728  -0.3445   0.1548   0.0292  -0.4137 
  0.0000   6.5941   0.6687   7.1372  -0.7336   0.3402  -0.0078   1.2248  -0.3783   0.1708   0.0243  -0.4479 
  0.0000   5.7187   0.6809   7.3966  -0.9038   0.5895   0.0441   1.2421  -0.5462   0.1612   0.0408  -0.4331 
  0.0000   5.8119   0.6323   7.6763  -1.2321   0.5592   0.0597   1.2308  -0.4596   0.1611   0.0466  -0.4574 
  0.0000   5.5242   0.6849   7.9803  -1.4834   0.6353   0.0987   1.1304  -0.4492   0.1588   0.0578  -0.4644 
  0.0000   5.9578   0.8268   8.3693  -1.5685   0.3081   0.0753   0.9461  -0.6301   0.1698   0.0601  -0.4892 
  0.0000   5.7511   0.9889   8.2721  -2.1521   0.2086   0.0000   1.1226  -0.4466   0.1608   0.0708  -0.4931 
  0.0000   5.2324   0.7701   8.7057  -2.3993   0.4198   0.0242   0.8907  -0.3834   0.1539   0.0830  -0.5054 
  0.0000   4.8514   0.8876   8.9124  -2.4682   0.4276   0.0866   0.8007  -0.5626   0.1523   0.0927  -0.4982 
  0.0000   4.5271   0.8673   8.9246  -2.6020   0.5462   0.1065   0.7894  -0.6172   0.1465   0.0983  -0.4931 
  0.0000   4.6974   1.0254   8.7341  -2.9546   0.3540   0.0537   0.8517  -0.4986   0.1438   0.1002  -0.4987 
  0.0000   4.3448   0.8633   8.9286  -3.1410   0.2424   0.1420   0.7539  -0.6050   0.1374   0.1074  -0.5049 
  0.0000   4.0408   0.8309   8.1343  -3.5504   0.3826   0.1792   1.1573  -0.4890   0.1182   0.1059  -0.4836 
  0.0000   3.9557   0.7903   8.4139  -3.6760   0.2761   0.1731   1.0248  -0.5211   0.1185   0.1116  -0.4953 
  0.0000   3.5990   0.6566   8.6612  -3.5990   0.2372   0.0563   0.7634  -0.7695   0.1165   0.1165  -0.4936 
  0.0000   3.5058   0.6566   8.2559  -3.6963   0.1965   0.0381   1.0162  -0.8128   0.1090   0.1138  -0.4806 
  0.0000   3.3680   0.4904   8.5152  -3.8422   0.1437   0.1973   0.8725  -0.8448   0.1066   0.1185  -0.4946 
  0.0000   3.2140   0.3040   8.4261  -3.9435   0.0615   0.2709   0.7210  -1.0283   0.1000   0.1182  -0.4961 
  0.0000   2.9587   0.1621   8.2721  -3.8827   0.0623   0.4657   0.8967  -1.1365   0.0939   0.1170  -0.4854 
  0.0000   2.8938   0.3526   7.8060  -5.0216   0.7496   0.3523   1.0802  -0.5895   0.0754   0.1286  -0.4990 
  0.0000   2.0589   0.4134   7.8222  -4.7825   0.7037   0.3731   0.9720  -0.9668   0.0689   0.1370  -0.4627 
  0.0000   1.5482   0.0162   6.8819  -4.6933   0.5739   0.5765   1.3641  -1.0577   0.0469   0.1255  -0.4256 
  0.0000   1.9252  -0.0770   7.2588  -4.9608   0.3679   0.6968   1.2698  -1.0612   0.0518   0.1277  -0.4617 
  0.0000   1.5604   0.0162   7.2588  -5.2080   0.2709   0.5791   1.2326  -1.1166   0.0453   0.1365  -0.4549 
  0.0000   1.2807   0.0770   6.9468  -6.2172   0.2701   0.5791   1.2153  -0.6847   0.0261   0.1495  -0.4665 
  0.0000   1.2402  -0.0284   7.0643  -5.8849   0.1506   0.6267   1.2404  -0.8777   0.0299   0.1460  -0.4616 
  0.0000   1.2767  -0.4134   6.9103  -5.7430  -0.1143   0.7245   1.2456  -1.1313   0.0254   0.1370  -0.4657 
  0.0000   0.9484  -0.1013   7.3358  -5.7673  -0.0641   0.5886   1.0075  -1.2256   0.0302   0.1507  -0.4595 
  0.0000   0.8916  -0.2594   7.3237  -5.8727  -0.1446   0.6847   0.9262  -1.2360   0.0260   0.1506  -0.4658 
  0.0000   1.0335  -0.1945   6.6509  -7.0440  -0.4111   0.5375   1.0941  -0.8621   0.0056   0.1558  -0.4845 
  0.0000   0.9970  -0.4864   6.9589  -6.2010  -0.4856   0.6890   0.9331  -1.2672   0.0159   0.1460  -0.4754 
  0.0000   0.8876  -0.6323   6.9305  -6.2780  -0.5418   0.6951   0.8439  -1.3486   0.0113   0.1461  -0.4782 
  0.0000   0.5715  -0.5958   6.7238  -6.2740  -0.5098   0.5721   0.8292  -1.5035   0.0053   0.1479  -0.4599 
  0.0000   0.5998  -0.6201   6.0105  -7.5061  -0.5704   0.5245   1.0923  -0.9088  -0.0189   0.1537  -0.4785 
  0.0000   0.6444  -0.9768   6.2659  -6.6874  -0.7435   0.6656   0.9461  -1.4048  -0.0094   0.1417  -0.4732 
  0.0000   0.3526  -0.9119   6.1402  -7.0764  -0.7271   0.4934   0.8586  -1.3312  -0.0187   0.1494  -0.4702 
  0.0000   0.1256  -1.1956   5.9740  -7.0157  -0.7150   0.5860   0.9002  -1.4109  -0.0264   0.1459  -0.4646 
  0.0000   0.0243  -1.3253   5.5444  -7.2629  -0.7262   0.5929   1.0240  -1.2888  -0.0377   0.1432  -0.4596 
  0.0000  -0.0365  -1.2321   5.5444  -7.2629  -0.7946   0.3306   0.8682  -1.4576  -0.0373   0.1451  -0.4546 
  0.0000  -0.0486  -1.4753   5.6174  -7.1048  -0.9071   0.3783   0.7496  -1.5978  -0.0376   0.1412  -0.4594 
  0.0000  -0.4296  -1.0335   5.8525  -8.1140  -0.8041   0.1030   0.5765  -1.1131  -0.0466   0.1670  -0.4731 
  0.0000  -0.4661  -1.6050   5.1675  -7.0035  -0.8041   0.0918   0.7098  -1.7684  -0.0488   0.1379  -0.4321 
  0.0000  -0.4782  -1.4996   4.9730  -7.2143  -0.7963  -0.0736   0.6907  -1.7441  -0.0527   0.1396  -0.4288 
  0.0000  -0.6931  -1.4469   5.2161  -7.7452  -0.7513  -0.2346   0.5332  -1.4412  -0.0584   0.1526  -0.4453 
  0.0000  -0.3891  -1.7428   4.6690  -7.8546  -1.0344  -0.3947   0.5903  -1.4671  -0.0665   0.1396  -0.4506 
  0.0000  -1.0578  -1.8279   5.0865  -7.2467  -0.6916  -0.5081   0.2363  -1.8575  -0.0631   0.1445  -0.4254 
  0.0000  -0.9605  -1.7752   4.4542  -7.0319  -0.7141  -0.6405   0.4813  -2.0471  -0.0664   0.1334  -0.3994 
  0.0000  -1.0578  -1.6050   4.1462  -8.3207  -0.7262  -0.3341   0.4518  -1.4715  -0.0855   0.1490  -0.4225 
  0.0000  -0.7052  -2.8330   4.2961  -7.9316  -0.9660  -0.2856   0.2649  -1.5996  -0.0897   0.1262  -0.4661 
  0.0000  -1.2280  -2.3223   3.7814  -7.7249  -0.6535  -1.0681   0.4163  -1.7450  -0.0937   0.1302  -0.4091 
  0.0000  -1.1672  -2.9668   3.4450  -7.8303  -0.7245  -0.1740   0.3497  -1.6567  -0.1065   0.1184  -0.4245 
  0.0000  -1.3902  -3.0883   3.3680  -8.1100  -0.5817  -0.2605   0.2605  -1.5026  -0.1153   0.1222  -0.4278 
  0.0000  -1.3780  -3.6477   3.0032  -8.0289  -0.4908  -0.1835   0.4406  -1.5684  -0.1256   0.1095  -0.4319 
  0.0000  -1.4955  -4.1745   2.6547  -8.1343  -0.3791  -0.1549   0.4008  -1.4299  -0.1394   0.1014  -0.4373 
  0.0000  -1.7752  -4.3529   2.2291  -8.7463  -0.2328  -0.1930   0.5704  -1.0880  -0.1581   0.1050  -0.4400 
  0.0000  -1.6901  -4.6731   2.1683  -8.5031  -0.2155  -0.1852   0.5332  -1.1720  -0.1587   0.0961  -0.4433 
  0.0000  -1.7792  -4.8919   2.2008  -8.2964  -0.0736  -0.2380   0.3306  -1.1564  -0.1596   0.0923  -0.4419 
  0.0000  -1.7792  -4.7541   1.5442  -9.3866  -0.0658  -0.3895   0.5912  -0.6163  -0.1797   0.0994  -0.4515 
  0.0000  -1.6333  -4.8635   1.7914  -8.5234  -0.0623  -0.4613   0.4077  -0.9028  -0.1654   0.0886  -0.4398 
  0.0000  -1.5118  -5.1554   1.4631  -8.4626  -0.0692  -0.5176   0.3878  -0.7331  -0.1708   0.0785  -0.4406 
  0.0000  -1.1227  -5.0621   1.2686  -9.0016  -0.2173  -0.6812   0.4778  -0.4743  -0.1740   0.0791  -0.4614 
  0.0000  -1.0497  -5.6052   1.6779  -8.2234  -0.2666  -0.5098   0.1627  -0.7297  -0.1650   0.0668  -0.4694 
  0.0000  -1.0092  -6.0065   1.4266  -7.3723  -0.0537  -0.4691   0.0883  -0.9746  -0.1620   0.0475  -0.4479 
  0.0000  -0.9524  -5.3539   1.0335  -8.1343   0.0848  -0.8950   0.2380  -0.6466  -0.1676   0.0596  -0.4406 
  0.0000  -0.8187  -5.9619   0.6687  -7.0157   0.1480  -0.6691   0.3497  -1.0975  -0.1641   0.0318  -0.4165 
  0.0000  -1.0821  -5.8281   0.5998  -6.8454   0.5367  -0.9253   0.2787  -1.0560  -0.1644   0.0337  -0.3958 
  0.0000  -0.8876  -5.9984  -0.0122  -7.4899   0.5782  -0.8664   0.5245  -0.5808  -0.1798   0.0296  -0.4087 
  0.0000  -0.5390  -5.8362   0.3040  -6.7482   0.4951  -1.0595   0.3583  -0.9132  -0.1602   0.0219  -0.4010 
  0.0000  -0.2432  -6.5901  -0.0243  -6.3956   0.4172  -0.8136   0.3618  -1.0093  -0.1657   0.0003  -0.4129 
  0.0000  -0.0243  -6.7401   0.0162  -6.3388   0.4570  -0.8535   0.3012  -0.9764  -0.1636  -0.0045  -0.4244 
  0.0000   0.0608  -6.7603  -0.2553  -6.6752   0.5453  -0.8950   0.4146  -0.6803  -0.1704  -0.0050  -0.4299 
  0.0000   0.1824  -7.0764  -0.5269  -5.9740   0.6500  -0.8950   0.4691  -0.9140  -0.1674  -0.0226  -0.4125 
  0.0000   0.2229  -7.0319  -0.6323  -5.8403   0.7184  -0.9253   0.5064  -0.9530  -0.1660  -0.0256  -0.4046 
  0.0000   0.4053  -7.2224  -0.4053  -5.7430   0.7669  -0.9158   0.3367  -0.9452  -0.1621  -0.0286  -0.4210 
  0.0000   0.6242  -7.5547  -0.1500  -5.7673   0.9452  -0.7903   0.1212  -0.6873  -0.1606  -0.0320  -0.4479 
  0.0000   0.7174  -7.1170  -0.3161  -6.3834   0.9712  -1.1348   0.1549  -0.3168  -0.1637  -0.0221  -0.4514 
  0.0000   0.9605  -7.4696  -0.2432  -5.8606   0.9426  -1.0179   0.0753  -0.4977  -0.1577  -0.0352  -0.4561 
  0.0000   1.3294  -7.4696  -0.3688  -5.4958   0.9530  -1.0266   0.0459  -0.5055  -0.1501  -0.0459  -0.4521 
  0.0000   1.5482  -7.5871  -0.3404  -4.8554   0.9201  -1.0577  -0.0000  -0.7193  -0.1404  -0.0578  -0.4432 
  0.0000   2.0913  -7.2710  -0.6687  -5.6052   0.6725  -1.2577   0.0381  -0.2190  -0.1432  -0.0553  -0.4642 
  0.0000   2.4115  -7.7452  -0.6444  -5.0338   0.7574  -1.1235  -0.0554  -0.2874  -0.1376  -0.0721  -0.4723 
  0.0000   1.9981  -8.3815  -0.4782  -4.8190   0.9521  -0.9149  -0.0147  -0.2709  -0.1460  -0.0755  -0.4779 
  0.0000   2.7033  -8.0978  -0.6242  -4.5393   0.8067  -1.0093  -0.0026  -0.3618  -0.1320  -0.0861  -0.4778 
  0.0000   2.7641  -8.0411  -0.5998  -4.1989   0.9149  -1.0144  -0.0173  -0.3367  -0.1259  -0.0901  -0.4677 
  0.0000   3.0438  -8.2356  -0.9524  -4.3529   0.9288  -0.9746  -0.0147  -0.1948  -0.1312  -0.0985  -0.4766 
  0.0000   2.8979  -8.0613  -0.9241  -3.9800   1.0811  -0.9478  -0.0069  -0.2311  -0.1258  -0.0988  -0.4550 
  0.0000   3.4815  -8.1018  -0.7579  -3.7449   1.0300  -0.9556  -0.0355  -0.1549  -0.1140  -0.1075  -0.4731 
  0.0000   3.9678  -7.8100  -0.7295  -3.6112   0.7530  -1.0880  -0.0727  -0.1705  -0.1023  -0.1112  -0.4760 
  0.0000   4.0854  -7.7736  -0.8065  -3.3234   0.7228  -1.1079  -0.0770  -0.2536  -0.0977  -0.1168  -0.4667 
  0.0000   3.9759  -7.7979  -0.6363  -3.2343   1.0058  -1.1391  -0.1852  -0.0632  -0.0962  -0.1147  -0.4666 
  0.0000   4.6204  -7.9559  -0.5390  -2.9465   0.8361  -1.0266  -0.2830  -0.0710  -0.0853  -0.1271  -0.4865 
  0.0000   4.1137  -8.4180  -0.5147  -2.8127   1.1296  -0.7479  -0.3229  -0.0848  -0.0954  -0.1279  -0.4815 
  0.0000   4.2110  -7.8668  -0.2918  -2.6425   1.2819  -1.0144  -0.4622  -0.5869  -0.0824  -0.1216  -0.4685 
  0.0000   4.9041  -7.1413  -0.6323  -1.7387   1.0698  -1.3373  -0.2813  -0.7574  -0.0576  -0.1367  -0.4270 
  0.0000   5.8849  -7.1859  -0.7174  -2.1197   0.5393  -1.3598  -0.2605  -0.0294  -0.0517  -0.1459  -0.4699 
  0.0000   5.2445  -7.4453  -0.2310  -1.6212   1.0508  -1.1841  -0.4458  -0.4960  -0.0507  -0.1412  -0.4571 
  0.0000   5.2932  -7.1048  -0.2189  -1.4347   1.0923  -1.3737  -0.4691  -0.4665  -0.0433  -0.1398  -0.4420 
  0.0000   5.5809  -7.4291  -0.2108  -1.3172   0.9738  -1.2049  -0.4960  -0.1887  -0.0422  -0.1488  -0.4583 
  0.0000   6.0065  -7.5142  -0.1378  -1.0213   0.9521  -1.0456  -0.4648  -0.0355  -0.0333  -0.1580  -0.4677 
  0.0000   6.1807  -7.1048  -0.2553  -1.1713   0.8136  -1.2378  -0.4034  -0.1714  -0.0294  -0.1546  -0.4611 
  0.0000   5.9497  -7.0521  -0.0770  -0.9889   1.0335  -1.2551  -0.4752  -0.1281  -0.0271  -0.1511  -0.4517 
  0.0000   6.0470  -7.2143   0.0122  -0.8430   1.1322  -1.0923  -0.4380   0.0234  -0.0250  -0.1551  -0.4583 
  0.0000   5.8281  -7.1899   0.0486  -0.7174   1.3641  -1.0240  -0.4380   0.0459  -0.0254  -0.1532  -0.4475 
  0.0000   7.1737  -6.5536  -0.0000  -0.7457   0.7271  -1.3165  -0.3480   0.1394  -0.0016  -0.1623  -0.4699 
  0.0000   6.5698  -6.9913   0.2229  -0.6931   1.1218  -0.9885  -0.3532   0.2657  -0.0111  -0.1581  -0.4700 
  0.0000   6.3510  -7.2143   0.3080  -0.3688   1.3269  -0.8335  -0.3601   0.1887  -0.0116  -0.1611  -0.4624 
  0.0000   6.4077  -6.9103   0.4175  -0.2959   1.3737  -0.8379  -0.3713   0.1523  -0.0048  -0.1576  -0.4556 
  0.0000   7.5304  -6.4604   0.2594  -0.1945   0.8812  -0.9478  -0.1523   0.2510   0.0142  -0.1692  -0.4690 
  0.0000   7.1656  -6.3753   0.5593  -0.1094   1.1027  -0.9132  -0.2458   0.2813   0.0155  -0.1609  -0.4614 
  0.0000   6.9305  -6.8252   0.7822   0.1500   1.2810  -0.6812  -0.2917   0.2069   0.0130  -0.1640  -0.4671 
  0.0000   7.0886  -6.2294   1.2078   0.0243   1.2914  -0.7470  -0.3038   0.3376   0.0261  -0.1517  -0.4708 
  0.0000   7.5425  -5.6944   1.0132   0.1378   1.1019  -0.9443  -0.1264   0.3852   0.0375  -0.1545  -0.4582 
  0.0000   7.2143  -5.8160   1.2564   0.0122   1.3512  -0.8162  -0.1636   0.5237   0.0333  -0.1473  -0.4635 
  0.0000   7.1291  -5.6336   1.2159   0.3323   1.5009  -0.7202   0.0874   0.4111   0.0380  -0.1485  -0.4431 
  0.0000   7.9154  -5.4350   1.1835   0.4499   1.0880  -0.7219   0.2138   0.4198   0.0514  -0.1577  -0.4573 
  0.0000   7.0075  -5.1716   1.3902   0.3323   1.6238  -0.7513   0.2199   0.5341   0.0445  -0.1390  -0.4298 
  0.0000   7.0886  -4.9405   1.4226   0.4499   1.7078  -0.7132   0.4743   0.5496   0.0503  -0.1382  -0.4221 
  0.0000   7.0886  -4.8311   1.4510   0.5147   1.7684  -0.6847   0.5895   0.5756   0.0528  -0.1373  -0.4174 
  0.0000   7.9519  -4.8879   1.5563   0.6606   1.2949  -0.5583   0.0727   0.5765   0.0660  -0.1493  -0.4460 
  0.0000   7.4574  -4.6001   2.5574   0.4620   1.6532  -0.5107   0.5574   0.7279   0.0735  -0.1245  -0.4595 
  0.0000   7.4088  -4.1989   1.8644   0.9241   1.7389  -0.6068   0.9279   0.4908   0.0750  -0.1333  -0.4074 
  0.0000   8.1464  -3.8827   2.2899   0.9727   1.3347  -0.7427   0.1662   0.5150   0.0941  -0.1339  -0.4333 
  0.0000   7.9803  -3.8462   2.6790   0.8065   1.4377  -0.5479   0.1627   0.6076   0.0952  -0.1244  -0.4448 
  0.0000   8.0370  -3.5058   3.4207   0.8430   1.4472  -0.6371   0.0320   0.6016   0.1099  -0.1121  -0.4585 
  0.0000   8.3085  -3.8706   3.7368   1.1470   1.2057  -0.3791   0.0736   0.4432   0.1165  -0.1199  -0.4795 
  0.0000   8.2923  -3.1410   4.0732   1.2929   1.2438  -0.5375   0.0952   0.3471   0.1315  -0.1082  -0.4615 
  0.0000   7.9681  -2.7479   4.2110   1.3739   1.4247  -0.6855   0.0502   0.2874   0.1351  -0.0985  -0.4400 
  0.0000   8.0127  -2.8857   4.2921   1.5118   1.3347  -0.5713   0.0840   0.1887   0.1366  -0.1015  -0.4441 
  0.0000   8.4788  -2.4723   4.3569   1.4388   1.0188  -0.5843   0.2043   0.1826   0.1475  -0.1004  -0.4503 
  0.0000   8.4423  -2.3142   4.6487   1.4388   1.0681  -0.5912   0.2043   0.1497   0.1527  -0.0943  -0.4535 
  0.0000   8.2559  -2.4966   4.8433   1.4753   1.0214  -0.4172   0.1662   0.0840   0.1510  -0.0923  -0.4585 
  0.0000   8.9043  -1.7630   5.0013   1.7022   0.6959  -0.6154   0.2328   0.0753   0.1731  -0.0921  -0.4535 
  0.0000   8.1707  -1.6577   5.0216   1.2321   0.9824  -0.6371   0.3488   0.1290   0.1596  -0.0755  -0.4421 
  0.0000   7.5182  -1.9008   5.3864   1.3375   1.2239  -0.3419   0.2796   0.2225   0.1543  -0.0671  -0.4373 
  0.0000   8.8800  -1.7063   4.9973   1.0011   0.4596  -0.3185   0.6899   0.1584   0.1647  -0.0824  -0.4735 
  0.0000   7.5912  -1.6212   5.3783   0.8916   1.0257  -0.2934   0.5825   0.0900   0.1530  -0.0591  -0.4448 
  0.0000   7.2224  -1.4834   5.6660   0.8876   1.1694  -0.2631   0.4934  -0.0225   0.1537  -0.0491  -0.4378 
  0.0000   8.2356  -0.6809   5.6295   0.9038   0.5090  -0.4726   0.6873  -0.2320   0.1761  -0.0524  -0.4429 
  0.0000   6.9832  -0.9281   5.7795   0.9524   1.1105  -0.3488   0.6414  -0.3376   0.1598  -0.0386  -0.4136 
  0.0000   6.9224  -0.3688   6.1281   0.8146   1.0984  -0.5695   0.6128  -0.3982   0.1687  -0.0247  -0.4092 
  0.0000   6.6266  -0.1945   6.4604   0.6120   1.1209  -0.5609   0.6241  -0.4207   0.1688  -0.0122  -0.4113 
  0.0000   7.5020   0.0405   6.3712   0.4864   0.6007  -0.6180   0.7158  -0.4657   0.1800  -0.0197  -0.4333 
  0.0000   6.0186   0.2229   7.0643   0.2067   1.3356  -0.7106   0.5116  -0.4025   0.1689   0.0133  -0.4108 
  0.0000   6.1200   0.1743   6.7117  -0.0041   1.1235  -0.5618   0.7288  -0.4717   0.1625   0.0096  -0.4111 
  0.0000   5.9376   0.1256   6.9427  -0.1216   1.1599  -0.5133   0.6829  -0.5055   0.1611   0.0157  -0.4181 
  0.0000   7.1899   0.1135   6.8495   0.0041   0.4527  -0.3809   0.7228  -0.7028   0.1770  -0.0029  -0.4520 
  0.0000   5.6944   0.3404   7.0886  -0.3648   1.0378  -0.4458   0.7513  -0.6587   0.1595   0.0262  -0.4158 
  0.0000   6.2861  -0.0405   7.2143  -0.4012   0.6786  -0.1896   0.7323  -0.7781   0.1632   0.0161  -0.4527 
  0.0000   5.6701   0.2229   7.5182  -0.7660   0.9123  -0.3168   0.6829  -0.6552   0.1581   0.0355  -0.4458 
  0.0000   6.4320   0.3769   7.6277  -0.8146   0.3116  -0.2051   0.7115  -0.8803   0.1703   0.0298  -0.4707 
  0.0000   5.4147   0.4985   7.5750  -1.1794   0.7522  -0.2978   0.7340  -0.7686   0.1539   0.0480  -0.4439 
  0.0000   5.5323   0.3526   7.5020  -1.1672   0.6492  -0.1532   0.7885  -0.8950   0.1527   0.0436  -0.4496 
  0.0000   5.1716   0.3769   7.6114  -1.3010   0.6353  -0.1160   0.8509  -1.0352   0.1482   0.0515  -0.4450 
  0.0000   4.9243   0.5755   8.1586  -1.4266   0.6371  -0.0164   0.6293  -1.1071   0.1529   0.0655  -0.4524 
  0.0000   5.4715   0.4539   7.4210  -1.8603   0.3047   0.0000   0.9573  -0.9305   0.1436   0.0533  -0.4642 
  0.0000   4.8149   0.6120   7.6479  -2.8087   0.4198   0.0035   0.9322  -0.5851   0.1283   0.0782  -0.4760 
  0.0000   4.7420   0.5147   7.8425  -2.4926   0.3488   0.0692   0.9210  -0.9166   0.1326   0.0763  -0.4728 
  0.0000   4.3164   0.5998   7.8060  -2.8371   0.4622   0.0476   0.8889  -0.8716   0.1236   0.0866  -0.4662 
  0.0000   3.9922   0.4377   8.1018  -3.0802   0.4060   0.0805   0.7375  -0.8950   0.1181   0.0953  -0.4785 
  0.0000   4.3893   0.8065   7.9559  -3.5058   0.1541   0.0892   0.8353  -0.7271   0.1206   0.0985  -0.4885 
  0.0000   4.0367   0.6201   7.9033  -3.0640   0.1757   0.0615   0.8500  -1.0733   0.1187   0.0944  -0.4670 
  0.0000   3.4653   0.5269   8.0856  -3.3923   0.2450   0.0926   0.7453  -1.0880   0.1086   0.1067  -0.4681 
  0.0000   3.5788   0.3526   7.9438  -3.9922   0.1342   0.2432   0.8405  -0.9919   0.0985   0.1089  -0.4923 
  0.0000   2.9587   0.7174   8.0248  -4.3042   0.4250   0.1411   0.7833  -0.8543   0.0925   0.1261  -0.4731 
  0.0000   3.1127   0.4175   7.5506  -4.3204   0.0900   0.3055   0.9885  -0.9270   0.0845   0.1147  -0.4729 
  0.0000   2.9465   0.3283   8.0289  -4.5109   0.0718   0.3791   0.7911  -0.9236   0.0849   0.1240  -0.4921 
  0.0000   2.9343   0.3688   8.4666  -4.2678   0.0623   0.4034   0.5877  -1.0941   0.0938   0.1271  -0.4967 
  0.0000   2.2291   0.3526   7.7209  -4.5758   0.7738   0.4622   0.8353  -1.2023   0.0716   0.1303  -0.4602 
  0.0000   1.6171   0.2594   7.4899  -4.8271   0.5912   0.5029   0.9452  -1.1114   0.0567   0.1370  -0.4440 
  0.0000   1.8887   0.0648   7.2953  -5.9822   0.0943   0.6284   1.0716  -0.5687   0.0408   0.1432  -0.4903 
  0.0000   1.5563   0.1500   7.4453  -5.5363   0.2320   0.5652   0.9539  -0.9383   0.0452   0.1447  -0.4671 
  0.0000   1.3902   0.0284   7.1413  -5.4391   0.3852   0.6622   1.0525  -1.0508   0.0390   0.1402  -0.4527 
  0.0000   1.1065   0.0608   7.3075  -5.3742   0.3843   0.6596   0.9417  -1.1651   0.0388   0.1455  -0.4457 
  0.0000   0.8633   0.2472   7.7452  -5.8606   0.1645   0.5176   0.7245  -1.0439   0.0374   0.1624  -0.4617 
  0.0000   1.2564  -0.0892   6.7482  -6.0105   0.0035   0.6821   1.1780  -0.9807   0.0238   0.1427  -0.4579 
  0.0000   0.9768   0.1743   7.2143  -6.2172   0.0095   0.5150   0.9132  -1.0110   0.0269   0.1579  -0.4621 
  0.0000   1.0578  -0.2675   7.1737  -6.1524  -0.2354   0.6561   0.7297  -1.1728   0.0226   0.1500  -0.4757 
  0.0000   0.3891   0.0608   7.1008  -6.0592  -0.0121   0.4527   0.7037  -1.3408   0.0186   0.1604  -0.4379 
  0.0000   0.8309  -0.0365   6.6914  -7.1251  -0.2553   0.4380   0.9296  -0.8474   0.0045   0.1619  -0.4767 
  0.0000   0.7944  -0.4499   6.8090  -6.4685  -0.3878   0.5081   0.7427  -1.2810   0.0086   0.1504  -0.4715 
  0.0000   0.5107  -0.3769   6.9549  -6.3591  -0.3566   0.4821   0.5920  -1.4230   0.0091   0.1553  -0.4611 
  0.0000   0.4175  -0.7457   6.6793  -6.2010  -0.3471   0.6474   0.6795  -1.6117   0.0019   0.1465  -0.4560 
  0.0000   0.1621  -0.4864   6.2496  -7.8789  -0.3947   0.3462   0.7799  -0.8569  -0.0244   0.1685  -0.4798 
  0.0000   0.4296  -1.1308   6.1767  -6.8130  -0.5496   0.6327   0.7617  -1.4464  -0.0167   0.1429  -0.4724 
  0.0000   0.0486  -1.0457   5.9376  -6.8576  -0.4293   0.5245   0.7305  -1.5052  -0.0240   0.1463  -0.4510 
  0.0000  -0.0243  -1.3739   5.8038  -6.6185  -0.5124   0.4795   0.6907  -1.7476  -0.0277   0.1384  -0.4471 
  0.0000  -0.0486  -0.9524   5.4472  -8.0046  -0.5669   0.1861   0.8309  -1.1460  -0.0445   0.1568  -0.4661 
  0.0000  -0.0608  -1.3983   5.5444  -6.9468  -0.6466   0.3306   0.6916  -1.6861  -0.0358   0.1394  -0.4490 
  0.0000   0.0122  -1.1429   5.2202  -7.2345  -0.8058  -0.0424   0.6821  -1.6446  -0.0393   0.1412  -0.4419 
  0.0000  -0.4256  -0.9889   5.5809  -7.5506  -0.6933  -0.1549   0.3315  -1.4870  -0.0423   0.1571  -0.4446 
  0.0000  -0.5147  -1.4955   4.7460  -7.4777  -0.6942  -0.1497   0.6751  -1.6013  -0.0593   0.1405  -0.4287 
  0.0000  -0.5147  -1.5118   4.9162  -7.3075  -0.7600  -0.4120   0.4259  -1.7891  -0.0552   0.1403  -0.4292 
  0.0000  -0.6728  -1.5077   5.0946  -7.4534  -0.7427  -0.5505   0.3133  -1.7658  -0.0567   0.1464  -0.4345 
  0.0000  -1.1429  -1.3415   4.4623  -8.5639  -0.4813  -0.1965   0.4657  -1.1832  -0.0823   0.1603  -0.4294 
  0.0000  -0.7660  -2.4196   4.7420  -7.7249  -0.7184  -0.5946   0.1662  -1.6558  -0.0771   0.1352  -0.4585 
  0.0000  -1.5725  -2.4480   4.1016  -7.5750  -0.2960  -0.1800   0.3549  -1.7519  -0.0937   0.1350  -0.4075 
  0.0000  -1.1470  -2.7357   4.0124  -8.4747  -0.4951  -0.0926   0.3886  -1.2490  -0.1043   0.1362  -0.4570 
  0.0000  -1.1713  -2.9587   3.7571  -8.2721  -0.5271  -0.1385   0.2328  -1.3849  -0.1081   0.1280  -0.4486 
  0.0000  -1.2321  -3.5017   3.4653  -8.3896  -0.4865  -0.0935   0.3107  -1.3131  -0.1207   0.1198  -0.4586 
  0.0000  -1.1591  -3.5017   3.4166  -8.8030  -0.4813  -0.1402   0.2527  -0.9824  -0.1256   0.1235  -0.4728 
  0.0000  -1.2321  -3.7814   3.2018  -8.4261  -0.4821  -0.1922   0.2017  -1.1954  -0.1280   0.1135  -0.4603 
  0.0000  -1.3861  -4.3772   2.9789  -8.1464  -0.3549  -0.1333   0.1835  -1.3520  -0.1366   0.1017  -0.4583 
  0.0000  -1.4388  -4.0611   2.7641  -8.4423  -0.2501  -0.2657   0.2476  -1.0517  -0.1397   0.1073  -0.4490 
  0.0000  -1.3861  -4.2070   2.2129  -7.9397  -0.2121  -0.4163   0.3523  -1.3667  -0.1415   0.0916  -0.4212 
  0.0000  -1.5482  -4.4988   2.0548  -8.0005  -0.0961  -0.3817   0.3583  -1.2871  -0.1499   0.0888  -0.4223 
  0.0000  -1.5482  -4.8149   2.0346  -8.1829  -0.0701  -0.3220   0.2467  -1.0716  -0.1564   0.0869  -0.4378 
  0.0000  -1.3780  -4.3083   1.7630  -8.0775  -0.0692  -0.7903   0.3255  -1.1010  -0.1500   0.0864  -0.4146 
  0.0000  -1.4023  -4.9730   1.5320  -7.7979  -0.3350  -0.6033   0.2735  -1.2205  -0.1580   0.0720  -0.4188 
  0.0000  -1.3496  -4.7825   1.6577  -7.9073  -0.2025  -0.7885   0.1896  -1.0421  -0.1548   0.0767  -0.4220 
  0.0000  -1.0862  -4.8676   1.2524  -8.6733  -0.0874  -0.9443   0.2034  -0.6249  -0.1672   0.0768  -0.4450 
  0.0000  -0.8390  -5.3539   1.3902  -7.9397  -0.0692  -0.7998   0.0684  -0.8690  -0.1593   0.0602  -0.4495 
  0.0000  -0.8430  -5.6295   1.3375  -7.4534   0.0606  -0.7903   0.0346  -1.0569  -0.1574   0.0501  -0.4408 
  0.0000  -1.0578  -5.9092   1.1065  -8.2478   0.3878  -0.8682   0.0104  -0.4414  -0.1764   0.0563  -0.4612 
  0.0000  -0.7417  -5.9943   0.8673  -7.5506   0.3523  -0.8742   0.0052  -0.7868  -0.1677   0.0396  -0.4439 
  0.0000  -0.5350  -6.2253   0.6323  -7.1656   0.3376  -0.8387   0.0225  -0.9331  -0.1662   0.0263  -0.4379 
  0.0000  -0.4175  -6.1686   0.4620  -6.9184   0.4051  -1.0257   0.0104  -0.8249  -0.1630   0.0204  -0.4263 
  0.0000  -0.5471  -6.3834  -0.0243  -7.0157   0.5427  -1.0170   0.1688  -0.7894  -0.1746   0.0144  -0.4165 
  0.0000  -0.1135  -6.5820  -0.0122  -6.6914   0.4345  -0.9616   0.1160  -0.8379  -0.1675   0.0026  -0.4269 
  0.0000   0.0892  -6.7887  -0.1135  -6.2294   0.5081  -0.9616   0.0597  -0.9642  -0.1630  -0.0095  -0.4219 
  0.0000   0.0284  -6.8981  -0.2553  -6.3348   0.6942  -1.0283   0.0831  -0.7340  -0.1682  -0.0106  -0.4223 
  0.0000   0.0527  -7.3561  -0.6363  -6.5779   0.7375  -0.8812   0.2450  -0.6829  -0.1815  -0.0183  -0.4335 
  0.0000   0.5107  -7.2386  -0.5755  -6.0429   0.7253  -1.0430   0.1281  -0.6968  -0.1668  -0.0285  -0.4291 
  0.0000   0.7579  -7.5020  -0.4904  -5.7430   0.6769  -0.9253   0.0649  -0.8067  -0.1622  -0.0376  -0.4387 
  0.0000   0.9524  -7.3237  -0.4661  -5.6579   0.7158  -1.0257   0.0017  -0.7054  -0.1562  -0.0386  -0.4373 
  0.0000   0.8998  -7.1413  -0.7295  -6.1037   0.9201  -1.1677   0.0216  -0.3133  -0.1634  -0.0333  -0.4356 
  0.0000   1.1672  -7.3845  -0.4539  -5.5688   0.9253  -1.1677  -0.0078  -0.5254  -0.1530  -0.0430  -0.4437 
  0.0000   1.4712  -7.6601  -0.4985  -5.4715   0.8898  -1.0932  -0.0069  -0.4657  -0.1520  -0.0520  -0.4579 
  0.0000   1.4388  -8.3693  -0.5228  -4.9892   1.1521  -0.8985  -0.0519  -0.5496  -0.1555  -0.0668  -0.4635 
  0.0000   1.8238  -7.3196  -0.6242  -5.2324   1.0101  -1.3061  -0.0623  -0.3332  -0.1419  -0.0567  -0.4465 
  0.0000   2.5534  -7.3439  -0.8916  -5.3175   0.7089  -1.4195  -0.0026  -0.1255  -0.1375  -0.0684  -0.4650 
  0.0000   2.6790  -7.5506  -0.9160  -5.0094   0.8803  -1.3711  -0.0147  -0.1125  -0.1350  -0.0767  -0.4650 
  0.0000   2.6425  -7.7857  -0.8795  -4.4015   1.0647  -1.0967  -0.0511  -0.2372  -0.1303  -0.0863  -0.4529 
  0.0000   2.8573  -7.8060  -0.9484  -4.1462   0.9426  -1.2187  -0.0502  -0.2735  -0.1255  -0.0933  -0.4500 
  0.0000   3.3842  -7.9559  -0.8390  -4.0611   0.9063  -1.1607  -0.1446  -0.1601  -0.1184  -0.1015  -0.4728 
  0.0000   3.1005  -8.1991  -0.9970  -4.0611   1.2161  -0.8664  -0.0892  -0.0571  -0.1270  -0.1029  -0.4664 
  0.0000   3.5058  -8.0248  -0.7903  -3.8908   1.0672  -1.2300  -0.2112  -0.0242  -0.1150  -0.1054  -0.4750 
  0.0000   3.6274  -8.1870  -0.7660  -3.4531   1.1408  -1.0768  -0.2553  -0.0303  -0.1097  -0.1141  -0.4708 
  0.0000   4.0732  -8.2072  -0.5471  -3.2464   1.0309  -0.9443  -0.3774  -0.0260  -0.0991  -0.1198  -0.4864 
  0.0000   4.8392  -7.7087  -0.7660  -3.0438   0.5488  -1.3321  -0.3029  -0.0312  -0.0835  -0.1284  -0.4814 
  0.0000   4.3448  -7.7492  -0.5269  -2.8735   1.0872  -1.3217  -0.4337  -0.2320  -0.0851  -0.1218  -0.4689 
  0.0000   4.2313  -8.0978  -0.4256  -2.7155   1.2231  -1.1192  -0.4942  -0.1835  -0.0876  -0.1255  -0.4746 
  0.0000   4.5028  -7.4331  -0.3445  -1.9941   1.1876  -1.3711  -0.5998  -0.7600  -0.0659  -0.1286  -0.4411 
  0.0000   4.7298  -7.3115  -0.2715  -1.4834   1.2542  -1.4542  -0.6172  -0.6613  -0.0542  -0.1354  -0.4303 
  0.0000   5.8281  -7.0562  -0.2715  -1.3253   0.8067  -1.5546  -0.6102  -0.3990  -0.0353  -0.1479  -0.4525 
  0.0000   5.3256  -7.3683  -0.2351  -1.5118   1.0023  -1.4360  -0.6509  -0.3904  -0.0474  -0.1427  -0.4536 
  0.0000   5.4877  -6.9913  -0.0162  -1.5320   1.1451  -1.5667  -0.7141  -0.1394  -0.0381  -0.1370  -0.4544 
  0.0000   5.8484  -7.2588  -0.0000  -1.3496   1.0041  -1.3953  -0.7314  -0.0995  -0.0345  -0.1470  -0.4694 
  0.0000   5.6052  -7.4169  -0.0000  -1.1916   1.2170  -1.2923  -0.7288  -0.0641  -0.0375  -0.1479  -0.4615 
  0.0000   6.5050  -7.2467  -0.0162  -0.9524   0.8924  -1.3087  -0.6457   0.0355  -0.0214  -0.1602  -0.4769 
  0.0000   6.1321  -6.9913   0.0648  -1.1227   1.1426  -1.4178  -0.6777   0.2268  -0.0240  -0.1492  -0.4646 
  0.0000   6.0835  -6.9062  -0.0000  -1.0862   1.2265  -1.3979  -0.6241   0.3055  -0.0239  -0.1488  -0.4570 
  0.0000   5.9497  -7.5993   0.0405  -1.0011   1.4767  -0.9469  -0.5375   0.4311  -0.0326  -0.1563  -0.4737 
  0.0000   6.2496  -6.9184   0.1743  -0.7538   1.3555  -1.1979  -0.5548   0.3679  -0.0156  -0.1530  -0.4577 
  0.0000   6.5779  -6.7238   0.0243  -0.7944   1.2187  -1.2932  -0.4562   0.4726  -0.0114  -0.1560  -0.4585 
  0.0000   6.5455  -6.6428   0.2797  -0.6728   1.4161  -1.1754  -0.4458   0.5600  -0.0061  -0.1529  -0.4591 
  0.0000   6.4685  -7.3804   0.4134  -0.1824   1.5122  -0.7539  -0.4388   0.3826  -0.0085  -0.1657  -0.4690 
  0.0000   6.8941  -6.4807   0.6201  -0.1986   1.2828  -1.1304  -0.4709   0.4423   0.0104  -0.1570  -0.4608 
  0.0000   6.9792  -6.0551   0.6242  -0.1013   1.4031  -1.1962  -0.3731   0.5375   0.0181  -0.1539  -0.4467 
  0.0000   7.0075  -5.9133   1.0092  -0.0486   1.4879  -1.2031  -0.4683   0.5522   0.0257  -0.1483  -0.4539 
  0.0000   6.9549  -6.2902   0.9849   0.4499   1.5875  -0.8993  -0.3783   0.3601   0.0262  -0.1589  -0.4474 
  0.0000   8.1221  -5.4634   1.0335   0.1621   1.0802  -1.1391  -0.1697   0.6197   0.0482  -0.1589  -0.4694 
  0.0000   7.3237  -5.5688   1.1348   0.0851   1.4966  -1.0067  -0.1134   0.7210   0.0372  -0.1480  -0.4527 
  0.0000   7.3358  -5.6295   1.3172   0.0162   1.5624  -0.9037  -0.1065   0.8335   0.0380  -0.1458  -0.4632 
  0.0000   7.2710  -5.8160   1.3253   0.3080   1.6446  -0.6146   0.1151   0.7530   0.0386  -0.1509  -0.4579 
  0.0000   7.6398  -5.0581   1.4712   0.7093   1.5208  -0.9322   0.3376   0.6189   0.0595  -0.1492  -0.4370 
  0.0000   7.1170  -4.7460   1.6941   0.5998   1.8731  -1.0015   0.2199   0.7236   0.0583  -0.1346  -0.4207 
  0.0000   7.6033  -5.0621   1.5199   0.8754   1.6610  -0.5946   0.5384   0.6189   0.0617  -0.1503  -0.4321 
  0.0000   8.3531  -4.4177   1.3658   0.8998   1.3477  -0.8258   0.2908   0.6379   0.0775  -0.1538  -0.4298 
  0.0000   7.8830  -4.6609   2.3223   0.6566   1.5901  -0.6301   0.2744   0.7825   0.0775  -0.1360  -0.4614 
  0.0000   7.4817  -4.1745   2.4561   1.0092   1.8047  -0.6769   0.1272   0.6310   0.0847  -0.1276  -0.4254 
  0.0000   7.6236  -3.8544   3.0519   0.6809   1.7017  -0.7617   0.2086   0.8647   0.0938  -0.1138  -0.4496 
  0.0000   8.1383  -3.7976   2.7601   1.1227   1.5251  -0.7444   0.4994   0.6431   0.1028  -0.1287  -0.4407 
  0.0000   7.8100  -3.5139   3.2626   0.9241   1.6619  -0.6587   0.0710   0.7513   0.1060  -0.1123  -0.4436 
  0.0000   7.9640  -3.5180   3.8179   1.1105   1.5675  -0.5531   0.6128   0.6665   0.1172  -0.1097  -0.4607 
  0.0000   8.8881  -2.8573   3.2383   1.3294   1.1616  -0.8093   0.3713   0.5116   0.1325  -0.1230  -0.4433 
  0.0000   8.2842  -3.1167   4.0611   1.1551   1.3598  -0.4648   0.1013   0.5687   0.1298  -0.1062  -0.4645 
  0.0000   7.9033  -3.0802   4.4137   1.6658   1.5416  -0.3921   0.0831   0.2501   0.1363  -0.1029  -0.4458 
  0.0000   8.8516  -1.8968   4.4177   1.8725   1.1625  -0.9487   0.1255   0.0918   0.1656  -0.1025  -0.4316 
  0.0000   7.9195  -2.1562   4.6933   1.6090   1.4507  -0.6500   0.2043   0.1272   0.1508  -0.0874  -0.4273 
  0.0000   7.9316  -2.0062   4.5879   1.7995   1.4057  -0.6431   0.3670   0.0234   0.1539  -0.0894  -0.4132 
  0.0000   9.2164  -1.6293   4.7217   1.7995   0.6734  -0.7686   0.4406   0.0138   0.1764  -0.0990  -0.4470 
  0.0000   8.2599  -1.7671   5.1432   1.5361   1.0058  -0.5574   0.4492   0.0251   0.1647  -0.0802  -0.4427 
  0.0000   8.1464  -1.6698   5.3864   1.4347   1.0292  -0.4856   0.3947   0.0571   0.1662  -0.0733  -0.4470 
  0.0000   8.8760  -1.2321   5.6701   1.1794   0.5193  -0.6552   0.3350   0.2432   0.1812  -0.0702  -0.4740 
  0.0000   7.9397  -1.3902   5.7673   0.8511   0.8924  -0.4527   0.4856   0.1420   0.1646  -0.0552  -0.4625 
  0.0000   7.5061  -0.9362   6.1686   0.5998   1.0672  -0.5548   0.3194   0.0173   0.1667  -0.0359  -0.4549 
  0.0000   7.5669  -0.9889   6.1281   0.5350   0.8439  -0.4951   0.4181   0.0493   0.1655  -0.0370  -0.4594 
  0.0000   8.0167  -0.4782   6.4482   0.5593   0.6154  -0.5964   0.4285  -0.1099   0.1818  -0.0326  -0.4670 
  0.0000   7.2143  -0.4256   6.3388   0.2715   0.9045  -0.5756   0.5384  -0.0459   0.1675  -0.0197  -0.4450 
  0.0000   6.9184  -0.8065   6.4118   0.2351   1.0283  -0.3073   0.5496  -0.1091   0.1595  -0.0194  -0.4514 
  0.0000   7.5385  -0.2432   6.5577   0.0405   0.4830  -0.5176   0.6570  -0.1593   0.1737  -0.0158  -0.4642 
  0.0000   6.6914  -0.1945   6.9305   0.0041   0.8812  -0.3436   0.5895  -0.2173   0.1679   0.0005  -0.4485 
