t, omega_1,     omega_2,    omega_3,    omega_4,     M1,     M2,     M3,    M4,     Vx_o,       Vy_o,   dpsi 
  0.0000  -0.0000   0.0000  -0.0041   0.0000  -0.0943   0.2839   0.1471   0.0355  -0.0001  -0.0001   0.0001 
  0.0000   1.0457   1.4834   0.6931   1.7185   0.2311   2.2557   1.0465   2.0471   0.0618  -0.0073   0.0475 
  0.0000   1.3294   2.8614   1.4591   2.8006   0.1601   2.0869   0.7314   2.0073   0.1056   0.0024   0.0933 
  0.0000   1.5320   5.1067   2.2291   4.0529   0.1316   1.8116   0.6284   1.9631   0.1615   0.0219   0.1753 
  0.0000   1.7509   5.8281   2.4358   5.3134   0.0718   1.9164   0.7297   1.6628   0.1916   0.0150   0.2258 
  0.0000   1.4104   6.8697   3.1167   6.3104   0.1186   1.9571   0.5834   1.3261   0.2213   0.0283   0.2809 
  0.0000   1.5118   7.9195   3.3072   6.3104   0.2796   1.8999   0.6353   1.3685   0.2381   0.0426   0.3056 
  0.0000   1.0132   8.5517   3.5017   6.5820   0.1852   2.0090   0.6812   1.1997   0.2456   0.0557   0.3448 
  0.0000   0.8754   9.1840   3.7611   6.8495   0.1194   2.0298   0.7167   0.9400   0.2584   0.0653   0.3700 
  0.0000   1.1105  10.7282   3.9395   6.4118  -0.2874   1.4022   0.7617   1.0119   0.2774   0.0893   0.3925 
  0.0000   0.7782   9.8730   4.4299   6.7765  -0.3168   1.9951   0.6769   0.6353   0.2732   0.0844   0.3715 
  0.0000   0.8795  10.9105   4.3650   6.2172  -0.6275   1.6333   0.7989   0.6656   0.2797   0.1022   0.3858 
  0.0000   0.2310  10.2661   4.3529   6.5698  -0.6336   1.9891   0.8586   0.2363   0.2677   0.0977   0.3978 
  0.0000   0.1337  11.4780   4.5028   6.1281  -0.8422   1.5243   0.8664   0.1722   0.2780   0.1215   0.4211 
  0.0000  -0.1013  10.4728   4.4501   5.9497  -1.0370   2.0696   0.9781   0.1307   0.2596   0.1134   0.3920 
  0.0000  -0.5026  10.7727   5.3621   3.5301  -1.0222   1.8999   0.5271   0.6414   0.2395   0.1638   0.3066 
  0.0000  -1.0092  10.0837   4.9649   3.0519  -1.1356   2.3890   0.7816   0.5505   0.2136   0.1626   0.2980 
  0.0000  -1.5077  10.5174   4.9405   3.7125  -1.1443   2.0653   0.7903   0.0666   0.2208   0.1657   0.3506 
  0.0000  -2.0589  10.4607   4.7217   3.0276  -1.2092   2.1778   0.9192   1.0205   0.2019   0.1777   0.3515 
  0.0000  -2.4926  10.2985   5.1837   2.0224  -1.2326   2.1925   0.6249   0.2476   0.1877   0.1994   0.3127 
  0.0000  -3.3356  10.1324   4.7095   1.8887  -1.0768   2.3241   0.8716   0.5479   0.1674   0.2036   0.3457 
  0.0000  -3.5261  10.1162   4.6852   1.4347  -1.1945   2.2271   0.8604   0.0935   0.1589   0.2112   0.3374 
  0.0000  -3.9273   9.6420   4.2475   1.4874  -1.3087   2.5604   1.0776   0.2501   0.1431   0.2041   0.3509 
  0.0000  -4.1016  10.7646   4.2840   0.8795  -1.4524   1.9752   1.0300   0.0995   0.1478   0.2284   0.3721 
  0.0000  -4.9122  10.0351   4.4745   1.1065  -1.2767   2.2003   0.8803  -0.3306   0.1338   0.2289   0.3760 
  0.0000  -5.4350  11.0159   4.0975   0.6809  -1.3321   1.5225   1.0222  -0.3826   0.1295   0.2483   0.4232 
  0.0000  -6.0794   9.6784   4.2353   0.3445  -1.1495   2.1856   0.8941  -0.4665   0.1022   0.2456   0.3853 
  0.0000  -6.0186  10.3512   3.9273  -0.1013  -1.4896   1.6757   0.9461  -0.4657   0.1020   0.2550   0.4007 
  0.0000  -6.5415   9.8770   3.6760  -0.2472  -1.3105   1.7303   0.9807  -0.6838   0.0846   0.2543   0.4057 
  0.0000  -7.0278  10.1689   3.6112  -0.7457  -1.3139   1.4221   0.8526  -0.6708   0.0751   0.2694   0.4169 
  0.0000  -7.2872   9.3299   3.3842  -0.7214  -1.3087   1.6584   0.8829  -0.9703   0.0588   0.2590   0.4062 
  0.0000  -7.4047   9.1353   3.1491  -0.9727  -1.4784   1.5217   0.9037  -1.0006   0.0488   0.2583   0.4032 
  0.0000  -7.6033   8.5639   2.6142  -1.8887  -1.3754   1.6550   1.0361  -0.7799   0.0211   0.2584   0.3787 
  0.0000  -8.0775   8.2113   2.5453  -2.2737  -1.4109   1.6792   0.9123  -0.7807   0.0051   0.2638   0.3724 
  0.0000  -7.9154   9.2894   2.4196  -2.9222  -1.6532   0.8950   0.8284  -0.6197   0.0109   0.2818   0.3852 
  0.0000  -8.6368   7.6601   2.3750  -2.9546  -1.3563   1.5546   0.6777  -0.8102  -0.0195   0.2703   0.3561 
  0.0000  -9.0867   7.4047   1.9697  -3.0802  -1.3555   1.4412   0.6777  -0.8993  -0.0349   0.2693   0.3715 
  0.0000  -9.7149   7.0562   1.9576  -3.1978  -1.1088   1.3953   0.5124  -1.0300  -0.0487   0.2741   0.3771 
  0.0000  -9.4636   6.6023   1.0457  -3.1735  -1.2949   1.4377   0.8136  -1.2213  -0.0624   0.2536   0.3846 
  0.0000 -10.3229   6.0592   0.8430  -3.8098  -1.0404   1.4966   0.6864  -0.9513  -0.0904   0.2629   0.3808 
  0.0000  -9.8365   6.1281   0.2229  -4.0043  -1.2733   1.2577   0.8837  -1.0517  -0.0936   0.2524   0.3811 
  0.0000 -10.3512   5.5971   0.0122  -4.0894  -1.1832   1.3157   0.7470  -1.1001  -0.1104   0.2506   0.3846 
  0.0000 -10.2134   4.9892  -0.0648  -3.9881  -1.1278   1.4100   0.5843  -1.2759  -0.1160   0.2391   0.3662 
  0.0000 -10.0108   5.5566  -0.0973  -4.6366  -1.3044   0.8162   0.3687  -1.0370  -0.1149   0.2513   0.3581 
  0.0000  -9.9703   4.7298  -0.1337  -5.0581  -1.3373   1.0318   0.1549  -0.9123  -0.1304   0.2453   0.3174 
  0.0000 -10.2296   4.4177  -0.8309  -4.8798  -1.3624   0.9980   0.2025  -1.0093  -0.1440   0.2337   0.3441 
  0.0000 -10.3999   3.8098  -0.9119  -4.6731  -1.2092   1.0378  -0.1229  -1.1581  -0.1522   0.2246   0.3392 
  0.0000 -10.3512   3.7571  -1.2078  -4.9162  -1.2109   0.8249  -0.3523  -1.0222  -0.1590   0.2227   0.3377 
  0.0000  -9.9743   3.4653  -1.6212  -5.1472  -1.3719   0.6717  -0.0199  -1.0439  -0.1660   0.2121   0.3219 
  0.0000 -10.3391   3.0924  -1.8036  -5.4634  -1.2412   0.7089  -0.4276  -0.7401  -0.1814   0.2136   0.3173 
  0.0000 -10.1283   2.2778  -2.5331  -5.2891  -1.3295   0.7903  -0.0589  -0.8084  -0.1959   0.1895   0.3133 
  0.0000 -10.5823   2.2170  -2.9424  -5.2648  -1.0828   0.6561  -0.1350  -0.7167  -0.2072   0.1890   0.3402 
  0.0000 -10.3837   1.4469  -3.4045  -5.5688  -1.0759   0.7842  -0.1567  -0.5946  -0.2239   0.1749   0.3138 
  0.0000 -10.2904   1.3132  -4.0529  -5.2688  -1.0525   0.6137  -0.1333  -0.6180  -0.2287   0.1602   0.3373 
  0.0000 -10.4445   0.7782  -4.3934  -4.9284  -0.8881   0.6379  -0.1999  -0.7080  -0.2374   0.1470   0.3470 
  0.0000 -10.7768   0.6201  -5.3296  -4.8190  -0.6024   0.6050  -0.0502  -0.6518  -0.2538   0.1361   0.3866 
  0.0000 -10.2985   0.0122  -5.1310  -4.7582  -0.6812   0.6275  -0.3090  -0.5765  -0.2522   0.1242   0.3469 
  0.0000 -10.2256  -0.0892  -5.7390  -4.5758  -0.6570   0.4691  -0.2173  -0.4172  -0.2579   0.1122   0.3669 
  0.0000  -9.7798  -0.6201  -5.6782  -4.0894  -0.6899   0.5237  -0.4882  -0.6570  -0.2521   0.0946   0.3490 
  0.0000  -9.7798  -0.6566  -6.4928  -4.2434  -0.5367   0.3306  -0.2649  -0.4735  -0.2647   0.0859   0.3692 
  0.0000  -9.3745  -0.9160  -6.3753  -4.1381  -0.5479   0.1489  -0.5998  -0.3583  -0.2600   0.0778   0.3473 
  0.0000  -9.1961  -0.9160  -6.5171  -4.0529  -0.4683  -0.1870  -0.7721  -0.2181  -0.2585   0.0727   0.3488 
  0.0000  -9.4474  -1.3415  -7.0764  -3.9759  -0.2103  -0.0943  -0.7418  -0.1194  -0.2730   0.0626   0.3638 
  0.0000  -8.7827  -1.6050  -6.9589  -3.7328  -0.3289  -0.0883  -1.0093  -0.0260  -0.2635   0.0494   0.3378 
  0.0000  -8.8071  -2.1197  -7.1980  -2.2615  -0.1705  -0.0848  -1.1417  -0.3540  -0.2548   0.0219   0.3774 
  0.0000  -8.0411  -2.2615  -8.3207  -3.2221  -0.3471  -0.1229  -0.7132  -0.2848  -0.2731   0.0085   0.3532 
  0.0000  -7.6884  -2.4804  -7.9033  -1.9211  -0.2978  -0.2302  -1.1131  -0.4761  -0.2499  -0.0097   0.3633 
  0.0000  -7.4047  -3.0276  -8.0127  -1.7549  -0.2822  -0.1809  -1.2655  -0.6743  -0.2525  -0.0235   0.3453 
  0.0000  -6.6144  -3.5139  -8.5112  -1.3618  -0.4787  -0.1229  -1.0863  -0.4570  -0.2500  -0.0506   0.3328 
  0.0000  -6.7238  -3.4774  -8.4626  -1.2199  -0.2389  -0.2527  -1.3399  -0.3229  -0.2485  -0.0500   0.3406 
  0.0000  -6.6630  -3.8665  -9.7271  -1.3010  -0.1169  -0.2276  -0.8517   0.0199  -0.2695  -0.0704   0.3644 
  0.0000  -6.2618  -3.9881  -9.2448  -1.0821  -0.1212  -0.2562  -1.2092   0.2095  -0.2572  -0.0736   0.3388 
  0.0000  -5.8727  -4.0165  -9.8770  -0.9646  -0.1039  -0.3895  -0.9746   0.4605  -0.2591  -0.0882   0.3496 
  0.0000  -4.6690  -4.3042  -9.4109  -0.7579  -1.8904  -0.3445  -1.3563   0.5531  -0.2393  -0.1036   0.2928 
  0.0000  -5.1554  -4.4380  -8.9975  -0.1216  -1.3200  -0.3428  -1.6100   0.4579  -0.2339  -0.1020   0.3115 
  0.0000  -5.0338  -4.1137  -8.7827   0.0608  -1.0205  -0.5929  -1.9224   0.6033  -0.2234  -0.0990   0.3170 
  0.0000  -4.2313  -4.2556  -8.8881   0.3404  -1.0603  -0.6033  -2.0427   0.7132  -0.2129  -0.1157   0.2988 
  0.0000  -2.4115  -4.4866  -9.0502   0.4782  -1.0162  -0.5955  -2.0315   0.8846  -0.1934  -0.1450   0.2420 
  0.0000  -2.5696  -4.8919  -8.9651   1.4347  -1.2360  -0.4700  -2.2211   0.6691  -0.1874  -0.1590   0.2623 
  0.0000  -2.1440  -4.7703  -9.9135   1.5604  -0.5012  -0.5488  -1.8497   0.9530  -0.1908  -0.1763   0.2873 
  0.0000  -2.3102  -4.3691  -9.0705   1.8765  -0.8067  -0.7444  -2.3595   1.0421  -0.1734  -0.1626   0.2886 
  0.0000  -1.8644  -4.4137  -9.3785   2.2534  -0.8214  -0.7548  -2.2107   1.1149  -0.1675  -0.1773   0.2949 
  0.0000  -2.0792  -5.0378  -9.3745   2.8452  -0.4285  -0.4536  -2.3587   1.0612  -0.1706  -0.1897   0.3007 
  0.0000  -1.7144  -4.4623  -9.6460   3.1897  -0.2796  -0.7106  -2.1916   1.1495  -0.1579  -0.1948   0.3275 
  0.0000  -1.6941  -4.3569 -10.0594   3.6963  -0.0338  -0.7747  -2.0246   1.1304  -0.1552  -0.2052   0.3602 
  0.0000  -1.5118  -4.2070 -10.2621   4.2556   0.2242  -0.8474  -1.8367   1.0551  -0.1466  -0.2152   0.3838 
  0.0000  -1.5807  -3.9557 -10.4728   4.4907   0.5150  -0.9625  -1.6982   1.1884  -0.1440  -0.2167   0.4087 
  0.0000  -1.6455  -4.7055 -10.3593   5.1554   0.9088  -0.5929  -1.6610   1.0932  -0.1444  -0.2322   0.4044 
  0.0000  -1.3902  -3.4207 -10.1445   5.0621   1.1062  -1.1902  -1.6740   1.4351  -0.1237  -0.2155   0.4278 
  0.0000  -0.8998  -3.4450 -10.0554   5.5931   1.1045  -1.1503  -1.5961   1.3866  -0.1101  -0.2274   0.4254 
  0.0000  -0.3445  -3.4450 -10.0432   6.1078   1.0127  -1.1322  -1.4490   1.4368  -0.0966  -0.2406   0.4237 
  0.0000   0.0162  -3.5625  -9.5244   6.3631   1.1529  -0.9668  -1.5658   1.4498  -0.0838  -0.2433   0.3996 
  0.0000  -0.0122  -3.0681 -10.4201   6.1078   1.4273  -1.1633  -1.0923   1.7675  -0.0924  -0.2448   0.4374 
  0.0000   0.3931  -3.2343  -9.1353   7.2872   1.5779  -0.9945  -1.5035   1.3892  -0.0586  -0.2506   0.4154 
  0.0000   1.0457  -3.0883  -9.6298   7.2386   1.5070  -0.9539  -1.0828   1.5727  -0.0554  -0.2625   0.4135 
  0.0000   1.1065  -2.4723  -8.5517   7.2507   1.6896  -1.1503  -1.3685   1.8021  -0.0333  -0.2423   0.3969 
  0.0000   1.5239  -2.2615  -8.5639   7.5142   1.7467  -1.1417  -1.0880   1.8566  -0.0223  -0.2483   0.3991 
  0.0000   1.5725  -2.0467  -7.8668   8.3085   1.9977  -1.1538  -1.3667   1.5875  -0.0004  -0.2474   0.4077 
  0.0000   2.5453  -2.1764  -7.8951   8.4788   1.6584  -0.8664  -1.1114   1.7000   0.0119  -0.2637   0.3783 
  0.0000   2.9668  -1.9738  -7.7817   8.8638   1.6524  -0.8543  -0.9781   1.6870   0.0259  -0.2698   0.3800 
  0.0000   3.3113  -1.9576  -7.2872   9.0746   1.6264  -0.6708  -0.9634   1.6697   0.0393  -0.2704   0.3602 
  0.0000   3.5788  -1.5320  -7.0886   9.4393   1.6359  -0.6345  -0.8569   1.5485   0.0550  -0.2705   0.3707 
  0.0000   3.6477  -1.1429  -6.4807   9.5123   1.7761  -0.6180  -0.8786   1.6229   0.0692  -0.2598   0.3637 
  0.0000   4.1218  -0.5026  -6.2051   9.9986   1.6359  -0.7929  -0.8197   1.4637   0.0927  -0.2604   0.3760 
  0.0000   3.9922   0.0041  -5.2769  10.2418   1.8913  -0.8604  -1.1140   1.3797   0.1120  -0.2438   0.3744 
  0.0000   4.3569   0.0041  -5.8727   9.9622   1.7692  -0.6630  -0.5895   1.5710   0.1056  -0.2523   0.3728 
  0.0000   4.3650   0.1337  -4.6731   9.6947   1.8177  -0.4942  -1.0015   1.7017   0.1190  -0.2325   0.3291 
  0.0000   4.2799   0.8876  -4.2110   9.6176   1.9545  -0.6353  -1.0473   1.7130   0.1322  -0.2153   0.3388 
  0.0000   5.7673   1.3415  -3.5180  10.8741   1.3278  -0.3255  -1.1503   1.2101   0.1808  -0.2352   0.3236 
  0.0000   5.2202   1.1065  -3.7247   9.9703   1.5104  -0.1783  -0.8145   1.6775   0.1572  -0.2226   0.3111 
  0.0000   5.3134   1.2199  -3.1046   9.8973   1.4576   0.1359  -0.9539   1.7519   0.1666  -0.2137   0.2892 
  0.0000   5.5120   1.6293  -2.9303  10.2621   1.3001   0.0718  -0.7868   1.5961   0.1809  -0.2134   0.3023 
  0.0000   5.5850   1.7509  -2.5898  10.2175   1.2109   0.6042  -0.7548   1.5797   0.1870  -0.2080   0.2913 
  0.0000   5.3377   2.5412  -2.4115  10.4323   1.2897   0.6431  -0.5955   1.5217   0.1987  -0.1955   0.3262 
  0.0000   5.7187   2.6182  -1.9211  10.7363   1.0698   0.1688  -0.6440   1.2395   0.2144  -0.1970   0.3103 
  0.0000   5.4269   3.5504  -1.6901  10.8092   1.0395   0.0710  -0.5072   1.1590   0.2262  -0.1797   0.3449 
  0.0000   4.8635   3.6760  -1.0700  10.7890   1.3797   0.1948  -0.6085   1.0603   0.2282  -0.1631   0.3465 
  0.0000   5.1067   4.6974  -0.7174  10.7241   1.1278   0.0969  -0.5704   1.0067   0.2476  -0.1481   0.3582 
  0.0000   4.9851   5.0946  -0.2432  10.3634   1.1036   0.1117  -0.6431   1.0690   0.2525  -0.1312   0.3479 
  0.0000   4.8554   5.1675  -0.0405  10.0837   1.0214   0.1948  -0.5072   1.0949   0.2508  -0.1227   0.3388 
  0.0000   4.6487   5.5201   0.1378  10.0594   1.0603   0.2493  -0.4085   0.9417   0.2546  -0.1131   0.3504 
  0.0000   4.3812   5.8768   0.5593   9.9622   1.0283   0.3462  -0.3930   0.8708   0.2597  -0.0988   0.3538 
  0.0000   4.4299   6.4685   1.0740   9.8487   0.8950   0.2190  -0.4631   0.7929   0.2728  -0.0842   0.3511 
  0.0000   4.4258   6.4928   1.0011   9.5123   0.7210   0.4181  -0.1541   0.7868   0.2679  -0.0806   0.3434 
  0.0000   4.5271   6.2132   1.2159  10.0229   0.4207   0.8249   0.0208   0.3904   0.2747  -0.0890   0.3407 
  0.0000   4.2434   7.1170   1.1835   9.3664   0.3852   0.5661   0.3203   0.4821   0.2739  -0.0664   0.3590 
  0.0000   3.9314   6.7482   1.8238   9.5852   0.3142   1.0101   0.1999   0.2302   0.2761  -0.0618   0.3434 
