0.25000 0.00000 0.33069
0.24969 0.01246 0.33069
0.24876 0.02489 0.33069
0.24721 0.03726 0.33069
0.24504 0.04954 0.33069
0.24227 0.06169 0.33069
0.23889 0.07369 0.33069
0.23492 0.08551 0.33069
0.23037 0.09711 0.33069
0.22524 0.10847 0.33069
0.21956 0.11956 0.33069
0.21332 0.13036 0.33069
0.20656 0.14083 0.33069
0.19928 0.15095 0.33069
0.19151 0.16070 0.33069
0.18326 0.17004 0.33069
0.17456 0.17897 0.33069
0.16542 0.18745 0.33069
0.15587 0.19546 0.33069
0.14594 0.20298 0.33069
0.13564 0.21001 0.33069
0.12500 0.21651 0.33069
0.11405 0.22247 0.33069
0.10282 0.22788 0.33069
0.09134 0.23272 0.33069
0.07962 0.23698 0.33069
0.06771 0.24066 0.33069
0.05563 0.24373 0.33069
0.04341 0.24620 0.33069
0.03109 0.24806 0.33069
0.01868 0.24930 0.33069
0.00623 0.24992 0.33069
-0.00623 0.24992 0.33069
-0.01868 0.24930 0.33069
-0.03109 0.24806 0.33069
-0.04341 0.24620 0.33069
-0.05563 0.24373 0.33069
-0.06771 0.24066 0.33069
-0.07962 0.23698 0.33069
-0.09134 0.23272 0.33069
-0.10282 0.22788 0.33069
-0.11405 0.22247 0.33069
-0.12500 0.21651 0.33069
-0.13564 0.21001 0.33069
-0.14594 0.20298 0.33069
-0.15587 0.19546 0.33069
-0.16542 0.18745 0.33069
-0.17456 0.17897 0.33069
-0.18326 0.17004 0.33069
-0.19151 0.16070 0.33069
-0.19928 0.15095 0.33069
-0.20656 0.14083 0.33069
-0.21332 0.13036 0.33069
-0.21956 0.11956 0.33069
-0.22524 0.10847 0.33069
-0.23037 0.09711 0.33069
-0.23492 0.08551 0.33069
-0.23889 0.07369 0.33069
-0.24227 0.06169 0.33069
-0.24504 0.04954 0.33069
-0.24721 0.03726 0.33069
-0.24876 0.02489 0.33069
-0.24969 0.01246 0.33069
-0.25000 -0.00000 0.33069
-0.24969 -0.01246 0.33069
-0.24876 -0.02489 0.33069
-0.24721 -0.03726 0.33069
-0.24504 -0.04954 0.33069
-0.24227 -0.06169 0.33069
-0.23889 -0.07369 0.33069
-0.23492 -0.08551 0.33069
-0.23037 -0.09711 0.33069
-0.22524 -0.10847 0.33069
-0.21956 -0.11956 0.33069
-0.21332 -0.13036 0.33069
-0.20656 -0.14083 0.33069
-0.19928 -0.15095 0.33069
-0.19151 -0.16070 0.33069
-0.18326 -0.17004 0.33069
-0.17456 -0.17897 0.33069
-0.16542 -0.18745 0.33069
-0.15587 -0.19546 0.33069
-0.14594 -0.20298 0.33069
-0.13564 -0.21001 0.33069
-0.12500 -0.21651 0.33069
-0.11405 -0.22247 0.33069
-0.10282 -0.22788 0.33069
-0.09134 -0.23272 0.33069
-0.07962 -0.23698 0.33069
-0.06771 -0.24066 0.33069
-0.05563 -0.24373 0.33069
-0.04341 -0.24620 0.33069
-0.03109 -0.24806 0.33069
-0.01868 -0.24930 0.33069
-0.00623 -0.24992 0.33069
0.00623 -0.24992 0.33069
0.01868 -0.24930 0.33069
0.03109 -0.24806 0.33069
0.04341 -0.24620 0.33069
0.05563 -0.24373 0.33069
0.06771 -0.24066 0.33069
0.07962 -0.23698 0.33069
0.09134 -0.23272 0.33069
0.10282 -0.22788 0.33069
0.11405 -0.22247 0.33069
0.12500 -0.21651 0.33069
0.13564 -0.21001 0.33069
0.14594 -0.20298 0.33069
0.15587 -0.19546 0.33069
0.16542 -0.18745 0.33069
0.17456 -0.17897 0.33069
0.18326 -0.17004 0.33069
0.19151 -0.16070 0.33069
0.19928 -0.15095 0.33069
0.20656 -0.14083 0.33069
0.21332 -0.13036 0.33069
0.21956 -0.11956 0.33069
0.22524 -0.10847 0.33069
0.23037 -0.09711 0.33069
0.23492 -0.08551 0.33069
0.23889 -0.07369 0.33069
0.24227 -0.06169 0.33069
0.24504 -0.04954 0.33069
0.24721 -0.03726 0.33069
0.24876 -0.02489 0.33069
0.24969 -0.01246 0.33069
0.00000 0.00000 0.00000
