0.14993 0.00471 -0.42857
0.14979 0.00792 -0.42857
0.14959 0.01113 -0.42857
0.14812 0.02368 -0.42857
0.14758 0.02685 -0.42857
0.14697 0.03000 -0.42857
0.14392 0.04227 -0.42857
0.14298 0.04534 -0.42857
0.14198 0.04839 -0.42857
0.13740 0.06017 -0.42857
0.13608 0.06310 -0.42857
0.13470 0.06600 -0.42857
0.12867 0.07711 -0.42857
0.12698 0.07984 -0.42857
0.12524 0.08255 -0.42857
0.11785 0.09280 -0.42857
0.11584 0.09530 -0.42857
0.11377 0.09776 -0.42857
0.10514 0.10699 -0.42857
0.10282 0.10922 -0.42857
0.10046 0.11139 -0.42857
0.09073 0.11945 -0.42857
0.08814 0.12137 -0.42857
0.08552 0.12323 -0.42857
0.07485 0.12999 -0.42857
0.07205 0.13156 -0.42857
0.06921 0.13308 -0.42857
0.05777 0.13843 -0.42857
0.05479 0.13964 -0.42857
0.05178 0.14078 -0.42857
0.03975 0.14464 -0.42857
0.03664 0.14546 -0.42857
0.03352 0.14621 -0.42857
0.02109 0.14851 -0.42857
0.01791 0.14893 -0.42857
0.01471 0.14928 -0.42857
0.00210 0.14999 -0.42857
-0.00112 0.15000 -0.42857
-0.00433 0.14994 -0.42857
-0.01694 0.14904 -0.42857
-0.02013 0.14864 -0.42857
-0.02331 0.14818 -0.42857
-0.03569 0.14569 -0.42857
-0.03881 0.14489 -0.42857
-0.04190 0.14403 -0.42857
-0.05388 0.13999 -0.42857
-0.05686 0.13880 -0.42857
-0.05982 0.13755 -0.42857
-0.07119 0.13203 -0.42857
-0.07400 0.13048 -0.42857
-0.07678 0.12886 -0.42857
-0.08735 0.12194 -0.42857
-0.08995 0.12004 -0.42857
-0.09250 0.11809 -0.42857
-0.10211 0.10988 -0.42857
-0.10444 0.10767 -0.42857
-0.10672 0.10541 -0.42857
-0.11521 0.09605 -0.42857
-0.11725 0.09356 -0.42857
-0.11922 0.09103 -0.42857
-0.12646 0.08067 -0.42857
-0.12816 0.07794 -0.42857
-0.12980 0.07518 -0.42857
-0.13567 0.06399 -0.42857
-0.13701 0.06107 -0.42857
-0.13828 0.05812 -0.42857
-0.14268 0.04627 -0.42857
-0.14364 0.04320 -0.42857
-0.14454 0.04012 -0.42857
-0.14740 0.02781 -0.42857
-0.14796 0.02464 -0.42857
-0.14846 0.02147 -0.42857
-0.14974 0.00890 -0.42857
-0.14989 0.00569 -0.42857
-0.14998 0.00247 -0.42857
-0.14966 -0.01016 -0.42857
-0.14940 -0.01336 -0.42857
-0.14908 -0.01656 -0.42857
-0.14716 -0.02905 -0.42857
-0.14650 -0.03219 -0.42857
-0.14578 -0.03533 -0.42857
-0.14229 -0.04747 -0.42857
-0.14124 -0.05051 -0.42857
-0.14013 -0.05352 -0.42857
-0.13512 -0.06513 -0.42857
-0.13370 -0.06801 -0.42857
-0.13221 -0.07085 -0.42857
-0.12578 -0.08173 -0.42857
-0.12400 -0.08441 -0.42857
-0.12216 -0.08704 -0.42857
-0.11440 -0.09702 -0.42857
-0.11230 -0.09945 -0.42857
-0.11014 -0.10183 -0.42857
-0.10118 -0.11074 -0.42857
-0.09878 -0.11288 -0.42857
-0.09634 -0.11497 -0.42857
-0.08632 -0.12267 -0.42857
-0.08368 -0.12449 -0.42857
-0.08099 -0.12626 -0.42857
-0.07008 -0.13262 -0.42857
-0.06722 -0.13410 -0.42857
-0.06433 -0.13551 -0.42857
-0.05270 -0.14044 -0.42857
-0.04968 -0.14154 -0.42857
-0.04663 -0.14257 -0.42857
-0.03447 -0.14599 -0.42857
-0.03133 -0.14669 -0.42857
-0.02818 -0.14733 -0.42857
-0.01568 -0.14918 -0.42857
-0.01248 -0.14948 -0.42857
-0.00928 -0.14971 -0.42857
0.00336 -0.14996 -0.42857
0.00657 -0.14986 -0.42857
0.00978 -0.14968 -0.42857
0.02234 -0.14833 -0.42857
0.02551 -0.14781 -0.42857
0.02868 -0.14723 -0.42857
0.04096 -0.14430 -0.42857
0.04405 -0.14339 -0.42857
0.04711 -0.14241 -0.42857
0.05893 -0.13794 -0.42857
0.06187 -0.13665 -0.42857
0.06478 -0.13529 -0.42857
0.07594 -0.12936 -0.42857
0.07869 -0.12770 -0.42857
0.08141 -0.12598 -0.42857
0.09173 -0.11869 -0.42857
0.09425 -0.11669 -0.42857
0.09673 -0.11465 -0.42857
0.10603 -0.10610 -0.42857
0.10828 -0.10380 -0.42857
0.11048 -0.10146 -0.42857
0.11863 -0.09180 -0.42857
0.12057 -0.08924 -0.42857
0.12245 -0.08663 -0.42857
0.12931 -0.07602 -0.42857
0.13091 -0.07323 -0.42857
0.13245 -0.07041 -0.42857
0.13790 -0.05901 -0.42857
0.13914 -0.05605 -0.42857
0.14030 -0.05305 -0.42857
0.14427 -0.04106 -0.42857
0.14512 -0.03796 -0.42857
0.14590 -0.03484 -0.42857
0.14831 -0.02243 -0.42857
0.14876 -0.01925 -0.42857
0.14914 -0.01606 -0.42857
0.14996 -0.00345 -0.42857
0.15000 -0.00024 -0.42857
0.14997 0.00298 -0.42857
0.14919 0.01559 -0.42857
0.14882 0.01878 -0.42857
0.14838 0.02197 -0.42857
0.14601 0.03438 -0.42857
0.14524 0.03750 -0.42857
0.14440 0.04060 -0.42857
0.14047 0.05261 -0.42857
0.13931 0.05561 -0.42857
0.13809 0.05858 -0.42857
0.13267 0.06999 -0.42857
0.13114 0.07282 -0.42857
0.12955 0.07561 -0.42857
0.12273 0.08625 -0.42857
0.12085 0.08886 -0.42857
0.11892 0.09143 -0.42857
0.11080 0.10111 -0.42857
0.10861 0.10346 -0.42857
0.10637 0.10576 -0.42857
0.09709 0.11434 -0.42857
0.09462 0.11639 -0.42857
0.09210 0.11840 -0.42857
0.08181 0.12573 -0.42857
0.07910 0.12745 -0.42857
0.07635 0.12912 -0.42857
0.06521 0.13508 -0.42857
0.06230 0.13645 -0.42857
0.05936 0.13775 -0.42857
0.04756 0.14226 -0.42857
0.04450 0.14325 -0.42857
0.04142 0.14417 -0.42857
0.02914 0.14714 -0.42857
0.02598 0.14773 -0.42857
0.02281 0.14826 -0.42857
0.01025 0.14965 -0.42857
0.00704 0.14983 -0.42857
0.00383 0.14995 -0.42857
-0.00880 0.14974 -0.42857
-0.01201 0.14952 -0.42857
-0.01521 0.14923 -0.42857
-0.02772 0.14742 -0.42857
-0.03087 0.14679 -0.42857
-0.03401 0.14609 -0.42857
-0.04618 0.14271 -0.42857
-0.04923 0.14169 -0.42857
-0.05225 0.14060 -0.42857
-0.06390 0.13571 -0.42857
-0.06679 0.13431 -0.42857
-0.06966 0.13285 -0.42857
-0.08059 0.12651 -0.42857
-0.08328 0.12476 -0.42857
-0.08594 0.12294 -0.42857
-0.09598 0.11527 -0.42857
-0.09843 0.11319 -0.42857
-0.10083 0.11106 -0.42857
-0.10982 0.10218 -0.42857
-0.11198 0.09980 -0.42857
-0.11409 0.09738 -0.42857
-0.12189 0.08743 -0.42857
-0.12373 0.08480 -0.42857
-0.12552 0.08213 -0.42857
-0.13199 0.07127 -0.42857
-0.13348 0.06843 -0.42857
-0.13492 0.06555 -0.42857
-0.13996 0.05396 -0.42857
-0.14108 0.05095 -0.42857
-0.14214 0.04792 -0.42857
-0.14567 0.03579 -0.42857
-0.14640 0.03266 -0.42857
-0.14707 0.02951 -0.42857
-0.14903 0.01703 -0.42857
-0.14936 0.01383 -0.42857
-0.14962 0.01063 -0.42857
-0.14999 -0.00200 -0.42857
-0.14991 -0.00521 -0.42857
-0.14976 -0.00842 -0.42857
-0.14852 -0.02100 -0.42857
-0.14804 -0.02418 -0.42857
-0.14749 -0.02734 -0.42857
-0.14466 -0.03966 -0.42857
-0.14378 -0.04275 -0.42857
-0.14283 -0.04582 -0.42857
-0.13847 -0.05768 -0.42857
-0.13720 -0.06063 -0.42857
-0.13587 -0.06356 -0.42857
-0.13004 -0.07477 -0.42857
-0.12841 -0.07754 -0.42857
-0.12672 -0.08027 -0.42857
-0.11951 -0.09065 -0.42857
-0.11754 -0.09319 -0.42857
-0.11552 -0.09569 -0.42857
-0.10705 -0.10507 -0.42857
-0.10478 -0.10734 -0.42857
-0.10245 -0.10956 -0.42857
-0.09287 -0.11779 -0.42857
-0.09032 -0.11976 -0.42857
-0.08774 -0.12166 -0.42857
-0.07719 -0.12862 -0.42857
-0.07441 -0.13024 -0.42857
-0.07161 -0.13181 -0.42857
-0.06026 -0.13736 -0.42857
-0.05730 -0.13862 -0.42857
-0.05432 -0.13982 -0.42857
-0.04236 -0.14390 -0.42857
-0.03927 -0.14477 -0.42857
-0.03615 -0.14558 -0.42857
-0.02377 -0.14810 -0.42857
-0.02060 -0.14858 -0.42857
-0.01741 -0.14899 -0.42857
-0.00481 -0.14992 -0.42857
-0.00159 -0.14999 -0.42857
0.00162 -0.14999 -0.42857
0.01424 -0.14932 -0.42857
0.01744 -0.14898 -0.42857
0.02062 -0.14858 -0.42857
0.03305 -0.14631 -0.42857
0.03618 -0.14557 -0.42857
0.03929 -0.14476 -0.42857
0.05134 -0.14094 -0.42857
0.05434 -0.13981 -0.42857
0.05733 -0.13861 -0.42857
0.06879 -0.13330 -0.42857
0.07163 -0.13179 -0.42857
0.07444 -0.13023 -0.42857
0.08513 -0.12350 -0.42857
0.08776 -0.12165 -0.42857
0.09035 -0.11974 -0.42857
0.10010 -0.11171 -0.42857
0.10247 -0.10954 -0.42857
0.10480 -0.10732 -0.42857
0.11346 -0.09812 -0.42857
0.11553 -0.09566 -0.42857
0.11756 -0.09317 -0.42857
0.12498 -0.08294 -0.42857
0.12673 -0.08025 -0.42857
0.12842 -0.07751 -0.42857
0.13449 -0.06643 -0.42857
0.13588 -0.06353 -0.42857
0.13721 -0.06061 -0.42857
0.14183 -0.04884 -0.42857
0.14284 -0.04579 -0.42857
0.14379 -0.04272 -0.42857
0.14687 -0.03047 -0.42857
0.14749 -0.02732 -0.42857
0.14804 -0.02415 -0.42857
0.14955 -0.01160 -0.42857
0.14976 -0.00840 -0.42857
0.14991 -0.00519 -0.42857
0.14981 0.00745 -0.42857
0.14962 0.01066 -0.42857
0.14936 0.01386 -0.42857
